time,acc raw,,,,,,mag raw,,,,,,gyr raw,,,,,,orientation fusion,,,,,,quaternion fusion,,,,,,,,IR on A0,IR on A1,IR on A2
1590512771.0241714,22,0,69,254,115,3,120,1,59,1,226,253,255,255,2,0,255,255,31,17,18,0,162,1,150,45,224,245,165,245,133,42,0.2268,0.1271,0.478
1590512771.0362816,20,0,68,254,104,3,120,1,59,1,226,253,2,0,2,0,0,0,31,17,18,0,162,1,150,45,224,245,165,245,133,42,0.2092,0.1427,0.4477
1590512771.0424545,20,0,69,254,113,3,120,1,59,1,226,253,254,255,2,0,0,0,31,17,18,0,162,1,150,45,224,245,165,245,133,42,0.2092,0.1427,0.4477
1590512771.057128,19,0,68,254,114,3,120,1,59,1,226,253,1,0,1,0,254,255,31,17,18,0,162,1,150,45,224,245,165,245,133,42,0.2082,0.1427,0.4428
1590512771.064107,18,0,68,254,118,3,120,1,46,1,239,253,1,0,2,0,0,0,31,17,18,0,162,1,150,45,224,245,165,245,133,42,0.2082,0.1427,0.4428
1590512771.0744984,20,0,68,254,112,3,120,1,46,1,239,253,255,255,255,255,1,0,31,17,18,0,162,1,150,45,224,245,165,245,133,42,0.1877,0.1711,0.4428
1590512771.0811396,22,0,68,254,106,3,120,1,46,1,239,253,0,0,0,0,0,0,31,17,18,0,162,1,150,45,224,245,165,245,133,42,0.1877,0.1711,0.4467
1590512771.0942116,19,0,68,254,110,3,120,1,46,1,239,253,255,255,0,0,255,255,31,17,18,0,162,1,150,45,224,245,165,245,133,42,0.1769,0.1476,0.4467
1590512771.1045647,20,0,67,254,112,3,120,1,46,1,239,253,255,255,255,255,0,0,31,17,18,0,162,1,150,45,224,245,165,245,133,42,0.1769,0.1476,0.4467
1590512771.116,22,0,67,254,118,3,126,1,46,1,2,254,255,255,255,255,0,0,31,17,18,0,162,1,150,45,224,245,165,245,133,42,0.1603,0.1779,0.4438
1590512771.1226363,20,0,69,254,117,3,126,1,46,1,2,254,255,255,4,0,0,0,31,17,18,0,162,1,150,45,224,245,165,245,133,42,0.1603,0.1779,0.4438
1590512771.1328385,21,0,67,254,108,3,126,1,46,1,2,254,255,255,1,0,255,255,31,17,18,0,162,1,150,45,224,245,165,245,133,42,0.1877,0.1554,0.4438
1590512771.1416345,21,0,67,254,116,3,126,1,46,1,2,254,253,255,0,0,1,0,31,17,18,0,162,1,150,45,224,245,165,245,133,42,0.1877,0.1554,0.4418
1590512771.154331,21,0,68,254,117,3,126,1,46,1,2,254,0,0,1,0,1,0,31,17,18,0,162,1,150,45,224,245,165,245,133,42,0.174,0.175,0.4438
1590512771.162167,21,0,69,254,115,3,120,1,46,1,245,253,1,0,0,0,255,255,31,17,18,0,162,1,150,45,224,245,165,245,133,42,0.174,0.175,0.4438
1590512771.174319,21,0,69,254,114,3,120,1,46,1,245,253,0,0,255,255,253,255,31,17,18,0,162,1,150,45,224,245,165,245,133,42,0.216,0.1339,0.4418
1590512771.1819334,19,0,68,254,104,3,120,1,46,1,245,253,254,255,1,0,0,0,31,17,18,0,162,1,150,45,224,245,165,245,133,42,0.216,0.1339,0.4418
1590512771.1916564,19,0,68,254,108,3,120,1,46,1,245,253,254,255,2,0,1,0,31,17,18,0,162,1,150,45,224,245,165,245,133,42,0.1808,0.1398,0.4418
1590512771.2057397,17,0,65,254,120,3,120,1,46,1,245,253,254,255,3,0,255,255,31,17,18,0,162,1,150,45,224,245,165,245,133,42,0.2023,0.1398,0.4497
1590512771.2127051,17,0,66,254,123,3,126,1,64,1,239,253,1,0,0,0,0,0,31,17,18,0,162,1,150,45,224,245,165,245,133,42,0.2023,0.1251,0.4448
1590512771.2272422,19,0,70,254,108,3,126,1,64,1,239,253,0,0,1,0,2,0,31,17,18,0,162,1,150,45,224,245,165,245,133,42,0.2092,0.1241,0.4399
1590512771.2333314,21,0,68,254,101,3,126,1,64,1,239,253,254,255,255,255,255,255,31,17,18,0,162,1,150,45,224,245,165,245,133,42,0.2092,0.1241,0.4399
1590512771.2478478,21,0,67,254,104,3,126,1,64,1,239,253,253,255,254,255,0,0,31,17,18,0,162,1,150,45,224,245,165,245,133,42,0.1916,0.1281,0.4409
1590512771.2556179,21,0,69,254,110,3,126,1,64,1,239,253,0,0,0,0,2,0,31,17,18,0,162,1,150,45,224,245,165,245,133,42,0.1916,0.1281,0.4409
1590512771.2662792,22,0,67,254,118,3,132,1,52,1,245,253,255,255,255,255,255,255,31,17,18,0,162,1,150,45,224,245,165,245,133,42,0.1984,0.131,0.4936
1590512771.2727711,21,0,68,254,116,3,132,1,52,1,245,253,253,255,254,255,253,255,31,17,18,0,162,1,150,45,224,245,165,245,133,42,0.1984,0.131,0.4936
1590512771.2863393,18,0,68,254,107,3,132,1,52,1,245,253,255,255,1,0,253,255,31,17,18,0,162,1,150,45,224,245,165,245,133,42,0.1994,0.1388,0.4418
1590512771.2922745,21,0,66,254,116,3,132,1,52,1,245,253,254,255,254,255,1,0,31,17,18,0,162,1,150,45,224,245,165,245,133,42,0.1994,0.1388,0.4418
1590512771.3050008,21,0,67,254,119,3,132,1,52,1,245,253,0,0,0,0,254,255,31,17,18,0,162,1,150,45,224,245,165,245,133,42,0.1994,0.1388,0.4418
1590512771.312584,24,0,70,254,119,3,108,1,46,1,253,253,1,0,1,0,254,255,31,17,18,0,162,1,150,45,224,245,165,245,133,42,0.1994,0.1388,0.4995
1590512771.32292,22,0,68,254,110,3,108,1,46,1,253,253,255,255,2,0,255,255,31,17,18,0,162,1,150,45,224,245,165,245,133,42,0.2004,0.1359,0.4995
1590512771.3324003,19,0,68,254,99,3,108,1,46,1,253,253,0,0,6,0,255,255,31,17,18,0,162,1,150,45,224,245,165,245,133,42,0.2004,0.1359,0.4409
1590512771.3426144,21,0,67,254,105,3,108,1,46,1,253,253,254,255,5,0,0,0,31,17,18,0,162,1,150,45,224,245,165,245,133,42,0.1994,0.1388,0.4409
1590512771.3571548,20,0,68,254,115,3,108,1,46,1,253,253,0,0,3,0,255,255,31,17,18,0,162,1,150,45,224,245,165,245,133,42,0.1994,0.1388,0.4418
1590512771.364117,21,0,70,254,118,3,120,1,64,1,239,253,0,0,4,0,254,255,31,17,18,0,162,1,150,45,224,245,165,245,133,42,0.1994,0.1271,0.4399
1590512771.3778522,20,0,70,254,119,3,120,1,64,1,239,253,255,255,3,0,254,255,31,17,18,0,162,1,150,45,224,245,165,245,133,42,0.2219,0.1281,0.4428
1590512771.3838234,21,0,65,254,108,3,120,1,64,1,239,253,252,255,0,0,255,255,31,17,18,0,162,1,150,45,224,245,165,245,133,42,0.2219,0.1281,0.4428
1590512771.3928216,20,0,66,254,111,3,120,1,64,1,239,253,255,255,253,255,255,255,31,17,18,0,162,1,150,45,224,245,165,245,133,42,0.2219,0.1281,0.4428
1590512771.405434,20,0,67,254,115,3,120,1,64,1,239,253,2,0,254,255,255,255,31,17,18,0,162,1,150,45,224,245,165,245,133,42,0.218,0.1329,0.4399
1590512771.41763,20,0,69,254,118,3,144,1,46,1,23,254,4,0,253,255,253,255,31,17,18,0,162,1,150,45,224,245,165,245,133,42,0.218,0.1329,0.4428
1590512771.423748,21,0,69,254,121,3,144,1,46,1,23,254,3,0,0,0,255,255,31,17,18,0,162,1,150,45,224,245,165,245,133,42,0.218,0.1329,0.4428
1590512771.4371195,21,0,67,254,106,3,144,1,46,1,23,254,5,0,0,0,252,255,31,17,18,0,162,1,150,45,224,245,165,245,133,42,0.2092,0.1349,0.4399
1590512771.4427195,22,0,69,254,110,3,144,1,46,1,23,254,5,0,3,0,255,255,31,17,18,0,162,1,150,45,224,245,165,245,133,42,0.2092,0.1349,0.4399
1590512771.4560757,19,0,69,254,110,3,144,1,46,1,23,254,3,0,2,0,0,0,31,17,18,0,162,1,150,45,224,245,165,245,133,42,0.2151,0.1349,0.4399
1590512771.463104,18,0,68,254,117,3,150,1,52,1,239,253,3,0,2,0,255,255,31,17,18,0,162,1,150,45,224,245,165,245,133,42,0.2151,0.1369,0.4448
1590512771.4730382,18,0,67,254,115,3,150,1,52,1,239,253,1,0,3,0,255,255,31,17,18,0,162,1,150,45,224,245,165,245,133,42,0.1955,0.1369,0.4448
1590512771.4848526,19,0,69,254,103,3,150,1,52,1,239,253,1,0,253,255,0,0,31,17,18,0,162,1,150,45,224,245,165,245,133,42,0.1955,0.175,0.4409
1590512771.4945517,22,0,69,254,106,3,150,1,52,1,239,253,0,0,252,255,0,0,31,17,18,0,162,1,150,45,224,245,165,245,133,42,0.2239,0.1789,0.4409
1590512771.5076818,22,0,68,254,111,3,150,1,52,1,239,253,2,0,253,255,255,255,31,17,18,0,162,1,150,45,224,245,165,245,133,42,0.2239,0.1789,0.4448
1590512771.5150018,20,0,67,254,116,3,139,1,70,1,239,253,2,0,254,255,253,255,31,17,18,0,162,1,150,45,224,245,165,245,133,42,0.1965,0.172,0.4448
1590512771.524295,19,0,67,254,119,3,139,1,70,1,239,253,3,0,251,255,1,0,31,17,18,0,162,1,150,45,224,245,165,245,133,42,0.1965,0.172,0.4712
1590512771.5357673,18,0,70,254,107,3,139,1,70,1,239,253,3,0,251,255,252,255,31,17,18,0,162,1,150,45,224,245,165,245,133,42,0.2336,0.176,0.4448
1590512771.5442696,20,0,69,254,115,3,139,1,70,1,239,253,5,0,250,255,251,255,31,17,18,0,162,1,150,45,224,245,165,245,133,42,0.2336,0.176,0.4448
1590512771.555995,21,0,69,254,114,3,139,1,70,1,239,253,6,0,244,255,253,255,31,17,18,0,162,1,150,45,225,245,165,245,134,42,0.1926,0.1349,0.4712
1590512771.568197,23,0,72,254,111,3,132,1,64,1,253,253,5,0,248,255,251,255,31,17,18,0,162,1,150,45,225,245,165,245,134,42,0.1994,0.1251,0.4497
1590512771.57497,22,0,72,254,110,3,132,1,64,1,253,253,1,0,245,255,1,0,31,17,18,0,162,1,150,45,225,245,164,245,134,42,0.1994,0.1251,0.4497
1590512771.5876486,20,0,70,254,105,3,132,1,64,1,253,253,1,0,249,255,254,255,31,17,18,0,162,1,150,45,225,245,164,245,134,42,0.2033,0.1388,0.478
1590512771.5957077,22,0,68,254,111,3,132,1,64,1,253,253,255,255,250,255,255,255,31,17,18,0,162,1,150,45,225,245,164,245,134,42,0.2033,0.1388,0.478
1590512771.6065018,21,0,69,254,116,3,132,1,64,1,253,253,254,255,251,255,2,0,31,17,18,0,162,1,150,45,225,245,164,245,134,42,0.2072,0.1388,0.478
1590512771.613488,20,0,69,254,117,3,139,1,46,1,226,253,253,255,251,255,1,0,31,17,18,0,162,1,150,45,225,245,164,245,134,42,0.2072,0.1388,0.48
1590512771.6272042,22,0,68,254,117,3,139,1,46,1,226,253,253,255,253,255,0,0,31,17,18,0,162,1,150,45,225,245,164,245,134,42,0.2092,0.1427,0.5367
1590512771.6344934,22,0,68,254,109,3,139,1,46,1,226,253,255,255,254,255,1,0,31,17,18,0,162,1,150,45,225,245,164,245,134,42,0.2092,0.1427,0.5367
1590512771.6446095,21,0,70,254,113,3,139,1,46,1,226,253,255,255,254,255,1,0,31,17,18,0,162,1,150,45,225,245,164,245,134,42,0.2121,0.1427,0.5367
1590512771.6564658,20,0,70,254,113,3,139,1,46,1,226,253,255,255,254,255,0,0,31,17,18,0,162,1,150,45,225,245,164,245,134,42,0.2121,0.1427,0.4712
1590512771.667946,22,0,69,254,115,3,132,1,52,1,234,253,4,0,0,0,254,255,31,17,18,0,162,1,150,45,225,245,164,245,134,42,0.1818,0.1515,0.5367
1590512771.6738741,22,0,71,254,114,3,132,1,52,1,234,253,4,0,1,0,2,0,31,17,18,0,162,1,150,45,225,245,164,245,134,42,0.1818,0.1515,0.5367
1590512771.6858242,21,0,69,254,107,3,132,1,52,1,234,253,3,0,4,0,1,0,31,17,18,0,162,1,150,45,225,245,164,245,134,42,0.1838,0.1496,0.4399
1590512771.6945715,22,0,67,254,113,3,132,1,52,1,234,253,1,0,4,0,0,0,31,17,18,0,162,1,150,45,225,245,164,245,134,42,0.1838,0.1496,0.4399
1590512771.7067938,22,0,69,254,117,3,132,1,52,1,234,253,1,0,3,0,1,0,31,17,18,0,162,1,150,45,225,245,164,245,134,42,0.1564,0.1564,0.5024
1590512771.716568,22,0,67,254,119,3,120,1,64,1,245,253,1,0,6,0,0,0,31,17,18,0,162,1,150,45,225,245,164,245,134,42,0.1584,0.1564,0.5024
1590512771.726167,22,0,70,254,116,3,120,1,64,1,245,253,0,0,5,0,2,0,31,17,18,0,162,1,150,45,225,245,164,245,134,42,0.1584,0.1564,0.4409
1590512771.7396774,22,0,70,254,105,3,120,1,64,1,245,253,253,255,5,0,4,0,31,17,18,0,162,1,150,45,225,245,164,245,134,42,0.0704,0.1359,0.4418
1590512771.7456183,22,0,69,254,109,3,120,1,64,1,245,253,253,255,11,0,2,0,31,17,18,0,162,1,150,45,225,245,165,245,134,42,0.0704,0.1359,0.4418
1590512771.7615778,22,0,69,254,116,3,120,1,64,1,245,253,253,255,11,0,3,0,31,17,18,0,162,1,150,45,224,245,165,245,133,42,0.0714,0.1349,0.4418
1590512771.767742,20,0,71,254,117,3,144,1,52,1,253,253,250,255,11,0,5,0,31,17,18,0,162,1,150,45,223,245,166,245,133,42,0.0714,0.1349,0.4418
1590512771.775309,22,0,70,254,117,3,144,1,52,1,253,253,249,255,16,0,7,0,31,17,18,0,162,1,151,45,222,245,167,245,133,42,0.1105,0.1349,0.4418
1590512771.7851303,27,0,69,254,102,3,144,1,52,1,253,253,249,255,13,0,6,0,31,17,18,0,162,1,151,45,222,245,168,245,133,42,0.1105,0.132,0.4428
1590512771.7980926,36,0,71,254,108,3,144,1,52,1,253,253,250,255,10,0,7,0,31,17,18,0,162,1,151,45,221,245,168,245,133,42,0.1105,0.132,0.4418
1590512771.8073947,40,0,71,254,111,3,144,1,52,1,253,253,249,255,9,0,7,0,31,17,18,0,162,1,151,45,221,245,168,245,133,42,0.1105,0.132,0.4418
1590512771.818997,29,0,68,254,115,3,126,1,59,1,253,253,246,255,9,0,9,0,31,17,18,0,162,1,151,45,220,245,168,245,133,42,0.1095,0.129,0.4526
1590512771.8256302,9,0,69,254,109,3,126,1,59,1,253,253,249,255,3,0,10,0,31,17,18,0,162,1,150,45,220,245,168,245,133,42,0.1095,0.129,0.4526
1590512771.8365405,12,0,70,254,108,3,126,1,59,1,253,253,254,255,1,0,11,0,31,17,18,0,162,1,150,45,220,245,168,245,134,42,0.0567,0.1388,0.4418
1590512771.8450215,17,0,67,254,110,3,126,1,59,1,253,253,250,255,1,0,11,0,31,17,17,0,162,1,149,45,220,245,168,245,135,42,0.0567,0.1388,0.4418
1590512771.8578098,12,0,68,254,119,3,126,1,59,1,253,253,251,255,255,255,14,0,31,17,17,0,162,1,148,45,220,245,168,245,136,42,0.0567,0.1329,0.478
1590512771.865149,16,0,68,254,120,3,108,1,52,1,253,253,246,255,1,0,16,0,31,17,17,0,162,1,147,45,219,245,168,245,136,42,0.0567,0.1329,0.478
1590512771.8752313,19,0,71,254,116,3,108,1,52,1,253,253,248,255,0,0,18,0,31,17,17,0,162,1,146,45,219,245,168,245,137,42,0.1007,0.1251,0.478
1590512771.8855362,16,0,67,254,108,3,108,1,52,1,253,253,246,255,5,0,19,0,30,17,17,0,162,1,145,45,218,245,168,245,139,42,0.1007,0.1251,0.4418
1590512771.8968785,14,0,60,254,114,3,108,1,52,1,253,253,246,255,8,0,18,0,30,17,17,0,162,1,144,45,217,245,168,245,140,42,0.1134,0.1251,0.478
1590512771.9113839,18,0,70,254,109,3,108,1,52,1,253,253,246,255,8,0,19,0,30,17,17,0,162,1,142,45,216,245,167,245,141,42,0.0899,0.1339,0.4418
1590512771.918209,25,0,77,254,107,3,126,1,59,1,234,253,248,255,6,0,16,0,30,17,17,0,162,1,142,45,216,245,168,245,142,42,0.0899,0.1339,0.4418
1590512771.9262211,22,0,76,254,113,3,126,1,59,1,234,253,240,255,8,0,29,0,30,17,17,0,162,1,140,45,214,245,167,245,143,42,0.0899,0.1339,0.4418
1590512771.9370372,10,0,79,254,103,3,126,1,59,1,234,253,234,255,8,0,42,0,29,17,17,0,163,1,137,45,212,245,166,245,145,42,0.1202,0.1251,0.4497
1590512771.9500716,244,255,61,254,119,3,126,1,59,1,234,253,237,255,5,0,53,0,29,17,16,0,163,1,134,45,211,245,166,245,148,42,0.1241,0.132,0.4428
1590512771.9578068,20,0,62,254,108,3,126,1,59,1,234,253,235,255,250,255,74,0,28,17,16,0,163,1,129,45,208,245,166,245,153,42,0.1241,0.132,0.4428
1590512771.9679499,19,0,62,254,116,3,132,1,46,1,2,254,251,255,248,255,69,0,27,17,16,0,163,1,125,45,207,245,167,245,157,42,0.1241,0.1417,0.4428
1590512771.97531,20,0,62,254,119,3,132,1,46,1,2,254,249,255,251,255,65,0,27,17,16,0,163,1,121,45,206,245,168,245,161,42,0.1241,0.1417,0.4477
1590512771.9879494,19,0,67,254,106,3,132,1,46,1,2,254,249,255,250,255,51,0,26,17,15,0,163,1,118,45,206,245,168,245,164,42,0.2023,0.129,0.4399
1590512771.9955456,14,0,66,254,108,3,132,1,46,1,2,254,247,255,251,255,42,0,26,17,15,0,163,1,116,45,205,245,169,245,167,42,0.2023,0.129,0.4399
1590512772.0082228,5,0,76,254,113,3,132,1,46,1,2,254,247,255,246,255,36,0,25,17,15,0,163,1,114,45,205,245,169,245,169,42,0.2102,0.1408,0.4467
1590512772.015211,4,0,78,254,117,3,132,1,46,1,226,253,245,255,246,255,45,0,25,17,15,0,163,1,111,45,204,245,168,245,172,42,0.2102,0.1408,0.4467
1590512772.0270162,4,0,77,254,115,3,132,1,46,1,226,253,237,255,243,255,63,0,24,17,15,0,163,1,106,45,203,245,167,245,176,42,0.1975,0.129,0.4467
1590512772.0367703,3,0,75,254,104,3,132,1,46,1,226,253,237,255,238,255,89,0,23,17,15,0,163,1,101,45,202,245,166,245,181,42,0.1975,0.129,0.4966
1590512772.0491304,5,0,75,254,108,3,132,1,46,1,226,253,239,255,235,255,112,0,22,17,14,0,164,1,94,45,200,245,165,245,188,42,0.1975,0.1466,0.4457
1590512772.0632188,5,0,76,254,112,3,132,1,46,1,226,253,241,255,231,255,134,0,21,17,14,0,164,1,85,45,199,245,165,245,197,42,0.2239,0.1711,0.5024
1590512772.069741,229,255,114,254,83,3,115,1,59,1,247,253,232,255,222,255,147,0,19,17,13,0,164,1,76,45,197,245,165,245,206,42,0.2239,0.1711,0.5024
1590512772.075726,232,255,104,254,149,3,115,1,59,1,247,253,187,255,179,255,167,0,17,17,13,0,164,1,64,45,194,245,163,245,217,42,0.2239,0.1711,0.5024
1590512772.0874743,227,255,110,254,73,3,115,1,59,1,247,253,217,255,208,255,9,1,15,17,12,0,165,1,48,45,191,245,161,245,234,42,0.2229,0.2063,0.4526
1590512772.0981896,246,255,117,254,127,3,115,1,59,1,247,253,241,255,240,255,105,1,11,17,11,0,165,1,26,45,186,245,164,245,0,43,0.2239,0.2063,0.4526
1590512772.1078408,241,255,130,254,116,3,115,1,59,1,247,253,206,255,232,255,170,1,7,17,9,0,166,1,0,45,178,245,166,245,25,43,0.2239,0.2063,0.4516
1590512772.120237,239,255,142,254,130,3,132,1,46,1,226,253,204,255,248,255,210,1,3,17,7,0,166,1,228,44,168,245,169,245,53,43,0.2239,0.2102,0.4506
1590512772.126382,245,255,143,254,122,3,132,1,46,1,226,253,207,255,239,255,233,1,254,16,5,0,167,1,199,44,159,245,172,245,82,43,0.2239,0.2102,0.4506
1590512772.1414714,248,255,135,254,109,3,132,1,46,1,226,253,222,255,233,255,250,1,249,16,3,0,167,1,168,44,152,245,176,245,113,43,0.217,0.1476,0.4565
1590512772.1482785,246,255,92,254,113,3,132,1,46,1,226,253,226,255,230,255,16,2,244,16,1,0,167,1,136,44,144,245,180,245,144,43,0.217,0.1476,0.4565
1590512772.1579227,245,255,73,254,102,3,132,1,46,1,226,253,239,255,216,255,53,2,238,16,0,0,167,1,102,44,137,245,185,245,179,43,0.2151,0.1642,0.4565
1590512772.1655078,8,0,120,254,95,3,132,1,40,1,245,253,246,255,204,255,99,2,232,16,254,255,168,1,65,44,131,245,189,245,216,43,0.2151,0.1642,0.4868
1590512772.1792002,28,0,176,254,118,3,132,1,40,1,245,253,221,255,209,255,163,2,225,16,251,255,168,1,24,44,123,245,194,245,0,44,0.2053,0.1349,0.4868
1590512772.1863954,250,255,174,254,91,3,132,1,40,1,245,253,193,255,214,255,240,2,218,16,249,255,168,1,234,43,111,245,199,245,45,44,0.2053,0.1349,0.4868
1590512772.1961055,252,255,223,254,93,3,132,1,40,1,245,253,2,0,186,255,57,3,210,16,246,255,168,1,183,43,104,245,206,245,95,44,0.2033,0.1652,0.4868
1590512772.2080145,250,255,209,254,158,3,132,1,40,1,245,253,206,255,196,255,145,3,201,16,242,255,169,1,127,43,92,245,213,245,149,44,0.2033,0.1652,0.4848
1590512772.2189248,236,255,206,254,113,3,139,1,28,1,253,253,221,255,174,255,230,3,191,16,239,255,169,1,65,43,81,245,220,245,208,44,0.2092,0.1251,0.4819
1590512772.226948,231,255,208,254,141,3,139,1,28,1,253,253,242,255,167,255,56,4,180,16,235,255,169,1,254,42,71,245,230,245,16,45,0.2092,0.1251,0.4819
1590512772.2369912,223,255,207,254,121,3,139,1,28,1,253,253,210,255,164,255,152,4,169,16,230,255,169,1,180,42,58,245,238,245,85,45,0.1975,0.1593,0.4819
1590512772.2486465,222,255,202,254,116,3,139,1,28,1,253,253,226,255,156,255,8,5,156,16,226,255,169,1,99,42,45,245,250,245,160,45,0.2092,0.1593,0.4555
1590512772.2583725,222,255,190,254,124,3,139,1,28,1,253,253,219,255,140,255,117,5,142,16,221,255,169,1,10,42,31,245,5,246,241,45,0.2092,0.129,0.4555
1590512772.2669437,220,255,189,254,119,3,144,1,11,1,247,253,225,255,136,255,218,5,127,16,215,255,169,1,171,41,17,245,19,246,71,46,0.2092,0.129,0.4555
1590512772.2783551,216,255,186,254,123,3,144,1,11,1,247,253,222,255,130,255,46,6,112,16,209,255,168,1,70,41,5,245,36,246,162,46,0.2082,0.1349,0.4555
1590512772.2917583,214,255,186,254,108,3,144,1,11,1,247,253,215,255,124,255,122,6,96,16,203,255,167,1,219,40,247,244,52,246,0,47,0.1887,0.1388,0.4555
1590512772.2983875,213,255,183,254,117,3,144,1,11,1,247,253,218,255,124,255,199,6,78,16,197,255,166,1,106,40,230,244,68,246,97,47,0.1887,0.1388,0.4555
1590512772.3120427,208,255,175,254,118,3,144,1,11,1,247,253,213,255,116,255,20,7,61,16,191,255,166,1,243,39,213,244,85,246,197,47,0.2151,0.1408,0.4477
1590512772.3173656,207,255,178,254,123,3,168,1,243,0,226,253,213,255,107,255,89,7,42,16,184,255,165,1,119,39,196,244,103,246,43,48,0.2151,0.1408,0.4477
1590512772.327991,196,255,172,254,120,3,168,1,243,0,226,253,211,255,98,255,158,7,23,16,177,255,164,1,244,38,179,244,121,246,148,48,0.1955,0.1408,0.4477
1590512772.3379133,198,255,170,254,112,3,168,1,243,0,226,253,214,255,90,255,227,7,3,16,170,255,163,1,109,38,161,244,140,246,0,49,0.1955,0.1476,0.4487
1590512772.3514326,191,255,169,254,119,3,168,1,243,0,226,253,204,255,83,255,35,8,238,15,162,255,161,1,223,37,144,244,160,246,109,49,0.2336,0.1457,0.4917
1590512772.3595996,192,255,174,254,117,3,168,1,243,0,226,253,204,255,77,255,129,8,217,15,154,255,160,1,74,37,126,244,181,246,222,49,0.2336,0.1457,0.4917
1590512772.3687377,182,255,169,254,126,3,180,1,184,0,221,253,204,255,80,255,155,8,195,15,147,255,158,1,178,36,108,244,203,246,78,50,0.2141,0.1329,0.4917
1590512772.377964,174,255,163,254,124,3,180,1,184,0,221,253,203,255,81,255,163,8,173,15,139,255,156,1,24,36,90,244,226,246,189,50,0.2141,0.1329,0.4379
1590512772.3877192,169,255,166,254,113,3,180,1,184,0,221,253,206,255,79,255,162,8,151,15,131,255,154,1,124,35,72,244,249,246,42,51,0.2336,0.1329,0.4379
1590512772.4006536,164,255,169,254,113,3,180,1,184,0,221,253,203,255,82,255,145,8,130,15,124,255,151,1,225,34,55,244,15,247,149,51,0.2102,0.1329,0.4712
1590512772.4098217,163,255,172,254,119,3,180,1,184,0,221,253,208,255,81,255,116,8,108,15,116,255,149,1,71,34,39,244,38,247,252,51,0.2102,0.129,0.4135
1590512772.416882,157,255,174,254,121,3,185,1,136,0,207,253,209,255,82,255,72,8,87,15,109,255,146,1,174,33,24,244,61,247,96,52,0.2102,0.129,0.4135
1590512772.429048,156,255,175,254,122,3,185,1,136,0,207,253,212,255,85,255,25,8,67,15,102,255,144,1,24,33,10,244,84,247,192,52,0.2366,0.1251,0.3978
1590512772.4435112,152,255,181,254,110,3,185,1,136,0,207,253,216,255,92,255,230,7,47,15,95,255,141,1,133,32,252,243,106,247,27,53,0.2004,0.1251,0.3851
1590512772.4502573,145,255,182,254,118,3,185,1,136,0,207,253,211,255,95,255,171,7,28,15,88,255,138,1,245,31,239,243,128,247,115,53,0.2004,0.1251,0.3851
1590512772.4627147,146,255,188,254,126,3,185,1,136,0,207,253,220,255,108,255,108,7,9,15,82,255,135,1,105,31,227,243,150,247,198,53,0.1984,0.1408,0.3646
1590512772.46904,141,255,190,254,123,3,235,1,89,0,194,253,220,255,115,255,32,7,247,14,76,255,132,1,226,30,215,243,171,247,21,54,0.1984,0.1408,0.3646
1590512772.4788883,137,255,188,254,131,3,235,1,89,0,194,253,211,255,111,255,208,6,230,14,70,255,129,1,96,30,204,243,191,247,95,54,0.1896,0.1408,0.3646
1590512772.4882562,131,255,192,254,118,3,235,1,89,0,194,253,219,255,119,255,126,6,213,14,65,255,126,1,228,29,196,243,210,247,165,54,0.1896,0.1388,0.3558
1590512772.5025795,131,255,208,254,120,3,235,1,89,0,194,253,226,255,129,255,45,6,198,14,61,255,123,1,110,29,192,243,230,247,231,54,0.1808,0.1632,0.3646
1590512772.5104938,126,255,202,254,119,3,235,1,89,0,194,253,223,255,138,255,212,5,183,14,57,255,120,1,254,28,192,243,249,247,37,55,0.1808,0.1632,0.3646
1590512772.5196269,120,255,204,254,119,3,204,1,35,0,194,253,228,255,143,255,118,5,169,14,53,255,116,1,150,28,194,243,11,248,94,55,0.1779,0.1632,0.3646
1590512772.5283751,114,255,203,254,126,3,204,1,35,0,194,253,227,255,154,255,21,5,157,14,50,255,113,1,53,28,199,243,29,248,148,55,0.1779,0.129,0.3558
1590512772.5386374,113,255,205,254,112,3,204,1,35,0,194,253,236,255,161,255,178,4,145,14,48,255,110,1,220,27,207,243,46,248,197,55,0.1681,0.1359,0.3558
1590512772.5488684,105,255,213,254,125,3,204,1,35,0,194,253,234,255,166,255,74,4,134,14,46,255,106,1,138,27,216,243,62,248,241,55,0.1681,0.1359,0.2317
1590512772.5605917,101,255,217,254,126,3,204,1,35,0,194,253,239,255,180,255,229,3,125,14,44,255,103,1,64,27,226,243,78,248,26,56,0.174,0.132,0.2454
1590512772.5690448,103,255,226,254,122,3,211,1,11,0,162,253,238,255,181,255,123,3,116,14,43,255,100,1,254,26,239,243,93,248,63,56,0.174,0.132,0.2454
1590512772.5791261,93,255,224,254,138,3,211,1,11,0,162,253,226,255,178,255,26,3,108,14,42,255,97,1,195,26,253,243,106,248,96,56,0.1867,0.132,0.1623
1590512772.5895584,91,255,220,254,119,3,211,1,11,0,162,253,240,255,202,255,195,2,101,14,42,255,94,1,143,26,9,244,120,248,125,56,0.1867,0.132,0.1623
1590512772.6010985,87,255,222,254,117,3,211,1,11,0,162,253,245,255,212,255,116,2,95,14,41,255,91,1,96,26,20,244,132,248,151,56,0.1593,0.1388,0.1769
1590512772.6146297,82,255,219,254,127,3,211,1,11,0,162,253,244,255,212,255,37,2,90,14,40,255,89,1,55,26,31,244,143,248,173,56,0.175,0.1398,0.1769
1590512772.6204648,75,255,226,254,124,3,235,1,239,255,162,253,251,255,225,255,217,1,85,14,40,255,87,1,20,26,40,244,154,248,193,56,0.175,0.1398,0.1662
1590512772.633263,70,255,224,254,128,3,235,1,239,255,162,253,246,255,221,255,143,1,81,14,40,255,85,1,247,25,49,244,163,248,209,56,0.1554,0.1388,0.172
1590512772.6394632,66,255,224,254,121,3,235,1,239,255,162,253,252,255,231,255,69,1,78,14,39,255,83,1,222,25,57,244,172,248,223,56,0.1554,0.1388,0.172
1590512772.6534135,64,255,225,254,123,3,235,1,239,255,162,253,254,255,240,255,6,1,76,14,39,255,82,1,203,25,64,244,180,248,234,56,0.1408,0.1554,0.1769
1590512772.6614027,64,255,227,254,121,3,235,1,239,255,162,253,255,255,246,255,205,0,74,14,39,255,80,1,188,25,71,244,188,248,244,56,0.1408,0.1554,0.1769
1590512772.6707778,61,255,229,254,124,3,228,1,240,255,143,253,249,255,243,255,154,0,72,14,39,255,79,1,177,25,79,244,195,248,251,56,0.1877,0.2092,0.1769
1590512772.679414,59,255,228,254,133,3,228,1,240,255,143,253,251,255,251,255,106,0,71,14,40,255,78,1,170,25,86,244,202,248,1,57,0.1877,0.2092,0.1887
1590512772.689819,57,255,226,254,120,3,228,1,240,255,143,253,253,255,249,255,56,0,71,14,40,255,77,1,166,25,92,244,208,248,5,57,0.1935,0.2023,0.1887
1590512772.6998196,59,255,227,254,124,3,228,1,240,255,143,253,254,255,1,0,5,0,71,14,40,255,76,1,167,25,99,244,213,248,6,57,0.1935,0.2023,0.1359
1590512772.7115135,58,255,226,254,127,3,228,1,240,255,143,253,3,0,8,0,212,255,71,14,41,255,75,1,171,25,106,244,217,248,6,57,0.2043,0.1896,0.1359
1590512772.7187378,63,255,224,254,130,3,222,1,240,255,124,253,5,0,14,0,161,255,72,14,42,255,75,1,179,25,113,244,220,248,4,57,0.2043,0.1896,0.1984
1590512772.7299771,65,255,228,254,126,3,222,1,240,255,124,253,5,0,17,0,107,255,73,14,42,255,74,1,191,25,119,244,223,248,1,57,0.2063,0.176,0.1398
1590512772.7405002,70,255,228,254,116,3,222,1,240,255,124,253,255,255,17,0,41,255,75,14,44,255,74,1,209,25,127,244,224,248,250,56,0.2063,0.176,0.1398
1590512772.7528734,68,255,224,254,122,3,222,1,240,255,124,253,0,0,24,0,232,254,78,14,45,255,74,1,231,25,134,244,224,248,242,56,0.2043,0.1329,0.2688
1590512772.7677727,72,255,220,254,124,3,222,1,240,255,124,253,5,0,37,0,166,254,82,14,46,255,74,1,3,26,140,244,223,248,230,56,0.2063,0.1427,0.1642
1590512772.7742538,72,255,220,254,123,3,216,1,1,0,68,253,3,0,40,0,94,254,86,14,47,255,74,1,36,26,146,244,221,248,216,56,0.2063,0.1427,0.1642
1590512772.7857592,71,255,222,254,127,3,216,1,1,0,68,253,2,0,53,0,17,254,91,14,49,255,75,1,75,26,153,244,218,248,199,56,0.1711,0.1329,0.3353
1590512772.7922952,83,255,230,254,114,3,216,1,1,0,68,253,8,0,59,0,197,253,96,14,51,255,75,1,120,26,159,244,215,248,179,56,0.1711,0.1329,0.3353
1590512772.8046358,80,255,215,254,120,3,216,1,1,0,68,253,10,0,48,0,112,253,103,14,53,255,76,1,172,26,167,244,210,248,155,56,0.1711,0.1202,0.1994
1590512772.8127258,84,255,213,254,129,3,216,1,1,0,68,253,8,0,67,0,32,253,110,14,55,255,77,1,229,26,174,244,203,248,129,56,0.1711,0.1202,0.1994
1590512772.824565,87,255,213,254,120,3,168,1,247,255,68,253,14,0,73,0,201,252,118,14,58,255,78,1,38,27,182,244,196,248,98,56,0.087,0.131,0.1994
1590512772.830032,91,255,208,254,120,3,168,1,247,255,68,253,8,0,76,0,111,252,127,14,61,255,80,1,109,27,189,244,187,248,64,56,0.087,0.131,0.2493
1590512772.840634,94,255,207,254,120,3,168,1,247,255,68,253,13,0,87,0,23,252,137,14,64,255,81,1,186,27,197,244,177,248,27,56,0.088,0.1281,0.2493
1590512772.8499672,97,255,202,254,108,3,168,1,247,255,68,253,15,0,102,0,188,251,148,14,67,255,83,1,15,28,203,244,167,248,240,55,0.088,0.1281,0.1877
1590512772.8620965,95,255,197,254,119,3,168,1,247,255,68,253,5,0,104,0,90,251,160,14,70,255,85,1,106,28,210,244,153,248,194,55,0.1457,0.1281,0.1877
1590512772.8700528,99,255,196,254,121,3,120,1,240,255,80,253,15,0,118,0,2,251,172,14,74,255,87,1,204,28,217,244,141,248,143,55,0.1457,0.1437,0.2023
1590512772.879508,100,255,189,254,123,3,120,1,240,255,80,253,16,0,130,0,178,250,186,14,78,255,89,1,51,29,223,244,127,248,88,55,0.1447,0.1271,0.2023
1590512772.8894212,123,255,207,254,166,3,120,1,240,255,80,253,50,0,160,0,105,250,200,14,81,255,92,1,161,29,227,244,116,248,30,55,0.1447,0.1271,0.1799
1590512772.8995652,124,255,199,254,98,3,120,1,240,255,80,253,54,0,200,0,30,250,215,14,85,255,94,1,20,30,230,244,105,248,222,54,0.0313,0.1593,0.1799
1590512772.9117537,131,255,193,254,125,3,120,1,240,255,80,253,228,255,105,0,175,249,231,14,90,255,97,1,140,30,238,244,83,248,154,54,0.0313,0.1593,0.1769
1590512772.9242449,141,255,203,254,109,3,176,1,232,255,100,253,222,255,77,0,93,249,247,14,95,255,100,1,9,31,248,244,59,248,82,54,0.045,0.1388,0.1789
1590512772.931309,132,255,196,254,147,3,176,1,232,255,100,253,228,255,220,0,50,249,8,15,100,255,103,1,139,31,249,244,40,248,5,54,0.1251,0.1388,0.1789
1590512772.9416332,133,255,174,254,113,3,176,1,232,255,100,253,24,0,155,0,237,248,26,15,105,255,106,1,17,32,2,245,21,248,181,53,0.1251,0.1437,0.175
1590512772.9544604,136,255,175,254,130,3,176,1,232,255,100,253,247,255,194,0,179,248,45,15,110,255,109,1,154,32,8,245,2,248,96,53,0.1095,0.1359,0.175
1590512772.9618196,140,255,170,254,105,3,176,1,232,255,100,253,36,0,177,0,121,248,64,15,116,255,111,1,39,33,18,245,240,247,8,53,0.1095,0.1359,0.172
1590512772.9690568,143,255,162,254,123,3,204,1,239,255,100,253,19,0,184,0,65,248,83,15,122,255,114,1,183,33,27,245,221,247,172,52,0.1095,0.1359,0.172
1590512772.980618,143,255,149,254,119,3,204,1,239,255,100,253,37,0,187,0,19,248,103,15,128,255,116,1,73,34,38,245,202,247,77,52,0.1369,0.1457,0.1769
1590512772.99126,147,255,148,254,101,3,204,1,239,255,100,253,38,0,187,0,232,247,124,15,134,255,118,1,222,34,50,245,183,247,234,51,0.1369,0.1457,0.1769
1590512772.9999633,149,255,145,254,119,3,204,1,239,255,100,253,44,0,186,0,193,247,145,15,141,255,120,1,116,35,63,245,164,247,131,51,0.1369,0.1251,0.176
1590512773.0055485,149,255,145,254,119,3,204,1,239,255,100,253,44,0,186,0,193,247,145,15,141,255,120,1,116,35,63,245,164,247,131,51,0.1369,0.1251,0.176
1590512773.0197217,157,255,131,254,113,3,187,1,208,255,119,253,45,0,186,0,143,247,187,15,154,255,124,1,163,36,90,245,127,247,173,50,0.13,0.1261,0.1808
1590512773.0252469,157,255,131,254,113,3,187,1,208,255,119,253,45,0,186,0,143,247,187,15,154,255,124,1,163,36,90,245,127,247,173,50,0.13,0.1261,0.1808
1590512773.0361483,164,255,134,254,108,3,187,1,208,255,119,253,42,0,189,0,127,247,209,15,161,255,126,1,58,37,105,245,108,247,62,50,0.129,0.1369,0.1662
1590512773.0423021,165,255,128,254,113,3,187,1,208,255,119,253,43,0,189,0,119,247,230,15,168,255,128,1,209,37,119,245,89,247,205,49,0.129,0.1369,0.1662
1590512773.0533624,176,255,122,254,117,3,187,1,208,255,119,253,47,0,187,0,111,247,252,15,175,255,129,1,103,38,135,245,71,247,90,49,0.13,0.1505,0.1867
1590512773.0633688,181,255,123,254,116,3,187,1,208,255,119,253,47,0,186,0,116,247,17,16,182,255,130,1,251,38,151,245,53,247,230,48,0.13,0.1505,0.1867
1590512773.073756,187,255,121,254,112,3,179,1,36,0,196,253,50,0,184,0,123,247,39,16,189,255,131,1,141,39,168,245,36,247,112,48,0.1711,0.129,0.1867
1590512773.081463,191,255,114,254,103,3,179,1,36,0,196,253,46,0,182,0,133,247,60,16,196,255,132,1,29,40,184,245,18,247,249,47,0.1711,0.129,0.2278
1590512773.0925143,193,255,112,254,106,3,179,1,36,0,196,253,49,0,181,0,162,247,82,16,203,255,133,1,170,40,201,245,2,247,130,47,0.173,0.1447,0.1828
1590512773.1019745,196,255,115,254,112,3,179,1,36,0,196,253,44,0,179,0,201,247,102,16,210,255,134,1,52,41,218,245,241,246,12,47,0.173,0.1447,0.1828
1590512773.1131728,206,255,126,254,108,3,179,1,36,0,196,253,60,0,162,0,245,247,123,16,217,255,134,1,185,41,236,245,226,246,151,46,0.1955,0.1251,0.2375
1590512773.1210656,208,255,116,254,109,3,164,1,155,0,202,253,57,0,138,0,43,248,142,16,223,255,134,1,57,42,0,246,210,246,36,46,0.1955,0.1251,0.2375
1590512773.133837,213,255,125,254,118,3,164,1,155,0,202,253,22,0,207,0,125,248,161,16,229,255,134,1,179,42,12,246,198,246,179,45,0.1984,0.1496,0.1857
1590512773.1421542,219,255,111,254,107,3,164,1,155,0,202,253,44,0,136,0,183,248,180,16,236,255,134,1,40,43,30,246,183,246,70,45,0.1896,0.1496,0.1857
1590512773.1522765,225,255,114,254,130,3,164,1,155,0,202,253,32,0,158,0,10,249,197,16,241,255,134,1,151,43,44,246,171,246,219,44,0.1896,0.1496,0.1828
1590512773.1644027,232,255,119,254,97,3,164,1,155,0,202,253,44,0,142,0,85,249,214,16,247,255,134,1,1,44,60,246,159,246,117,44,0.219,0.1496,0.1828
1590512773.1712108,230,255,120,254,120,3,179,1,220,0,228,253,43,0,136,0,164,249,230,16,252,255,134,1,100,44,75,246,149,246,19,44,0.219,0.1701,0.1769
1590512773.186381,234,255,107,254,128,3,179,1,220,0,228,253,44,0,132,0,246,249,245,16,0,0,133,1,194,44,89,246,140,246,180,43,0.1887,0.1554,0.1857
1590512773.1924462,242,255,118,254,104,3,179,1,220,0,228,253,39,0,122,0,77,250,4,17,5,0,133,1,26,45,103,246,131,246,91,43,0.1887,0.1554,0.1857
1590512773.2042124,241,255,123,254,112,3,179,1,220,0,228,253,34,0,120,0,169,250,17,17,9,0,133,1,108,45,115,246,123,246,6,43,0.2004,0.1672,0.1867
1590512773.2143128,243,255,114,254,116,3,179,1,220,0,228,253,36,0,106,0,11,251,30,17,13,0,132,1,183,45,127,246,116,246,183,42,0.2004,0.1672,0.1867
1590512773.2218308,249,255,114,254,115,3,148,1,36,1,240,253,37,0,104,0,114,251,41,17,17,0,132,1,252,45,137,246,111,246,110,42,0.1564,0.1672,0.1867
1590512773.232707,251,255,111,254,114,3,148,1,36,1,240,253,39,0,93,0,215,251,52,17,20,0,131,1,58,46,147,246,106,246,43,42,0.1564,0.1593,0.1867
1590512773.2429392,0,0,124,254,114,3,148,1,36,1,240,253,40,0,83,0,61,252,61,17,23,0,130,1,114,46,156,246,103,246,239,41,0.1408,0.1632,0.1867
1590512773.2519693,0,0,115,254,111,3,148,1,36,1,240,253,40,0,75,0,156,252,70,17,25,0,130,1,165,46,165,246,100,246,184,41,0.1408,0.1632,0.1857
1590512773.2646546,4,0,115,254,116,3,148,1,36,1,240,253,35,0,70,0,254,252,77,17,28,0,129,1,209,46,172,246,98,246,135,41,0.1799,0.1867,0.1857
1590512773.2714736,5,0,135,254,116,3,128,1,72,1,223,253,31,0,60,0,99,253,84,17,30,0,129,1,248,46,178,246,97,246,93,41,0.1799,0.1867,0.1857
1590512773.28529,8,0,132,254,112,3,128,1,72,1,223,253,21,0,54,0,195,253,89,17,31,0,128,1,25,47,183,246,96,246,56,41,0.1525,0.2414,0.1867
1590512773.293095,9,0,111,254,120,3,128,1,72,1,223,253,16,0,43,0,29,254,94,17,32,0,128,1,52,47,187,246,95,246,26,41,0.2004,0.2414,0.1867
1590512773.3033724,13,0,107,254,114,3,128,1,72,1,223,253,23,0,36,0,123,254,98,17,33,0,128,1,74,47,190,246,95,246,1,41,0.2004,0.3412,0.1799
1590512773.3184276,13,0,108,254,111,3,128,1,72,1,223,253,10,0,30,0,206,254,101,17,34,0,127,1,91,47,192,246,94,246,237,40,0.1564,0.3372,0.176
1590512773.3245578,13,0,105,254,116,3,118,1,88,1,228,253,14,0,26,0,27,255,103,17,35,0,127,1,104,47,193,246,95,246,223,40,0.1564,0.3372,0.176
1590512773.3368618,16,0,106,254,110,3,118,1,88,1,228,253,8,0,18,0,101,255,105,17,35,0,127,1,113,47,192,246,95,246,213,40,0.1926,0.347,0.1799
1590512773.3426642,16,0,104,254,107,3,118,1,88,1,228,253,11,0,10,0,168,255,105,17,35,0,127,1,118,47,191,246,95,246,207,40,0.1926,0.347,0.1799
1590512773.3562465,19,0,108,254,105,3,118,1,88,1,228,253,7,0,6,0,229,255,106,17,35,0,127,1,119,47,190,246,95,246,205,40,0.2033,0.3548,0.2649
1590512773.3650916,17,0,109,254,117,3,118,1,88,1,228,253,6,0,2,0,29,0,105,17,35,0,128,1,117,47,188,246,96,246,207,40,0.2033,0.3548,0.2649
1590512773.374543,23,0,119,254,115,3,131,1,116,1,221,253,9,0,252,255,89,0,104,17,34,0,128,1,112,47,186,246,98,246,213,40,0.1896,0.3324,0.2649
1590512773.382591,19,0,117,254,124,3,131,1,116,1,221,253,1,0,249,255,156,0,103,17,34,0,128,1,103,47,184,246,100,246,223,40,0.1896,0.3324,0.1799
1590512773.3932471,16,0,108,254,99,3,131,1,116,1,221,253,2,0,243,255,227,0,101,17,33,0,128,1,90,47,181,246,102,246,238,40,0.2053,0.3324,0.1799
1590512773.4029763,15,0,104,254,108,3,131,1,116,1,221,253,250,255,233,255,41,1,98,17,32,0,128,1,73,47,177,246,105,246,2,41,0.2053,0.3353,0.2141
1590512773.4149108,14,0,107,254,116,3,131,1,116,1,221,253,246,255,234,255,110,1,94,17,30,0,128,1,52,47,172,246,108,246,25,41,0.2014,0.1339,0.1838
1590512773.4219067,14,0,105,254,115,3,192,1,116,1,202,253,243,255,229,255,171,1,90,17,29,0,129,1,28,47,166,246,111,246,53,41,0.2014,0.1339,0.1838
1590512773.4326248,10,0,101,254,118,3,192,1,116,1,202,253,245,255,221,255,215,1,85,17,27,0,129,1,0,47,160,246,114,246,83,41,0.2239,0.1329,0.1838
1590512773.4430273,13,0,111,254,104,3,192,1,116,1,202,253,243,255,220,255,6,2,80,17,25,0,129,1,227,46,154,246,118,246,116,41,0.2239,0.1329,0.2375
1590512773.4546146,13,0,103,254,108,3,192,1,116,1,202,253,241,255,214,255,46,2,75,17,23,0,130,1,194,46,147,246,121,246,152,41,0.2004,0.132,0.1789
1590512773.4699786,9,0,101,254,112,3,192,1,116,1,202,253,240,255,218,255,83,2,69,17,21,0,130,1,160,46,140,246,126,246,190,41,0.2375,0.1193,0.1808
1590512773.4757628,4,0,107,254,110,3,137,2,121,1,202,253,244,255,210,255,117,2,63,17,19,0,130,1,123,46,133,246,130,246,230,41,0.2375,0.1193,0.1808
1590512773.488455,0,0,104,254,114,3,137,2,121,1,202,253,244,255,206,255,151,2,56,17,17,0,131,1,85,46,126,246,135,246,16,42,0.2121,0.13,0.1799
1590512773.4950912,0,0,101,254,109,3,137,2,121,1,202,253,236,255,204,255,186,2,49,17,15,0,131,1,44,46,118,246,140,246,60,42,0.2121,0.13,0.1799
1590512773.5083504,0,0,106,254,105,3,137,2,121,1,202,253,241,255,202,255,226,2,42,17,12,0,131,1,1,46,110,246,145,246,107,42,0.2336,0.1515,0.1828
1590512773.5154958,253,255,104,254,110,3,137,2,121,1,202,253,239,255,199,255,11,3,34,17,9,0,132,1,211,45,101,246,150,246,156,42,0.2336,0.1515,0.1828
1590512773.5228918,253,255,130,254,111,3,249,4,129,1,156,253,239,255,195,255,56,3,26,17,7,0,132,1,162,45,93,246,156,246,207,42,0.1965,0.1515,0.1828
1590512773.5327601,251,255,105,254,110,3,249,4,129,1,156,253,239,255,192,255,108,3,17,17,4,0,132,1,110,45,85,246,163,246,6,43,0.1965,0.1232,0.172
1590512773.5471642,248,255,108,254,119,3,249,4,129,1,156,253,218,255,193,255,157,3,8,17,1,0,132,1,55,45,74,246,169,246,63,43,0.174,0.13,0.1779
1590512773.5532954,246,255,110,254,115,3,249,4,129,1,156,253,241,255,187,255,192,3,255,16,254,255,133,1,254,44,65,246,177,246,122,43,0.174,0.13,0.1779
1590512773.5665815,248,255,111,254,115,3,249,4,129,1,156,253,229,255,184,255,220,3,245,16,251,255,133,1,194,44,55,246,184,246,183,43,0.1828,0.1281,0.1642
1590512773.5727768,250,255,103,254,112,3,102,3,28,1,162,253,238,255,183,255,237,3,235,16,248,255,133,1,133,44,46,246,191,246,244,43,0.1828,0.1281,0.1642
1590512773.585309,242,255,105,254,108,3,102,3,28,1,162,253,232,255,181,255,248,3,225,16,244,255,133,1,71,44,36,246,199,246,50,44,0.2053,0.132,0.1427
1590512773.594862,243,255,100,254,109,3,102,3,28,1,162,253,240,255,179,255,254,3,215,16,241,255,133,1,9,44,27,246,207,246,111,44,0.2053,0.132,0.1427
1590512773.6065586,245,255,104,254,110,3,102,3,28,1,162,253,235,255,184,255,246,3,205,16,238,255,133,1,203,43,18,246,214,246,172,44,0.1828,0.131,0.1271
1590512773.6211207,243,255,106,254,110,3,102,3,28,1,162,253,241,255,179,255,231,3,195,16,234,255,133,1,141,43,9,246,222,246,232,44,0.2141,0.1417,0.1711
1590512773.6275017,246,255,117,254,108,3,19,2,33,1,149,253,240,255,178,255,204,3,186,16,231,255,133,1,81,43,1,246,229,246,34,45,0.2141,0.1417,0.1711
1590512773.639173,243,255,104,254,119,3,19,2,33,1,149,253,244,255,183,255,165,3,177,16,228,255,133,1,23,43,250,245,236,246,89,45,0.1789,0.1388,0.1564
1590512773.646078,244,255,107,254,115,3,19,2,33,1,149,253,234,255,189,255,114,3,168,16,225,255,133,1,224,42,242,245,242,246,141,45,0.1789,0.1388,0.1564
1590512773.6595426,240,255,104,254,124,3,19,2,33,1,149,253,242,255,195,255,52,3,160,16,223,255,133,1,172,42,236,245,248,246,189,45,0.2434,0.1476,0.1652
1590512773.6657386,242,255,106,254,112,3,19,2,33,1,149,253,236,255,199,255,234,2,153,16,220,255,133,1,125,42,230,245,252,246,232,45,0.2434,0.1476,0.1652
1590512773.6756809,242,255,118,254,111,3,212,1,43,1,149,253,253,255,208,255,154,2,146,16,218,255,133,1,83,42,225,245,2,247,15,46,0.2063,0.1476,0.1652
1590512773.683985,244,255,126,254,123,3,212,1,43,1,149,253,242,255,216,255,66,2,140,16,217,255,132,1,47,42,222,245,5,247,48,46,0.2063,0.1466,0.1681
1590512773.6981783,241,255,128,254,112,3,212,1,43,1,149,253,248,255,221,255,229,1,136,16,215,255,132,1,17,42,220,245,9,247,76,46,0.2004,0.1515,0.1593
1590512773.7042513,239,255,129,254,103,3,212,1,43,1,149,253,254,255,230,255,137,1,132,16,214,255,132,1,248,41,219,245,12,247,98,46,0.2004,0.1515,0.1593
1590512773.7185605,240,255,132,254,124,3,212,1,43,1,149,253,249,255,236,255,44,1,129,16,213,255,132,1,230,41,220,245,14,247,116,46,0.1935,0.1515,0.219
1590512773.7237678,240,255,134,254,113,3,212,1,30,1,149,253,3,0,247,255,212,0,127,16,213,255,131,1,217,41,220,245,16,247,128,46,0.1935,0.1515,0.219
1590512773.734229,239,255,139,254,117,3,212,1,30,1,149,253,255,255,252,255,118,0,126,16,213,255,131,1,210,41,223,245,17,247,134,46,0.218,0.1544,0.219
1590512773.7440643,233,255,132,254,106,3,212,1,30,1,149,253,9,0,4,0,24,0,126,16,213,255,131,1,209,41,225,245,17,247,136,46,0.218,0.1544,0.1584
1590512773.7542653,238,255,130,254,114,3,212,1,30,1,149,253,6,0,14,0,184,255,127,16,213,255,131,1,215,41,228,245,16,247,131,46,0.216,0.1525,0.1584
1590512773.7662766,241,255,129,254,119,3,212,1,30,1,149,253,10,0,20,0,82,255,128,16,214,255,131,1,227,41,232,245,14,247,121,46,0.216,0.1525,0.219
1590512773.7750566,244,255,130,254,114,3,177,1,246,0,149,253,7,0,29,0,230,254,131,16,215,255,131,1,245,41,236,245,11,247,104,46,0.088,0.1574,0.219
1590512773.7849689,247,255,125,254,123,3,177,1,246,0,149,253,15,0,38,0,121,254,135,16,217,255,130,1,15,42,242,245,8,247,82,46,0.088,0.1574,0.1779
1590512773.7963722,251,255,128,254,115,3,177,1,246,0,149,253,18,0,50,0,4,254,140,16,219,255,130,1,48,42,249,245,4,247,52,46,0.086,0.1554,0.2483
1590512773.8046403,253,255,121,254,126,3,177,1,246,0,149,253,24,0,63,0,147,253,146,16,221,255,130,1,89,42,0,246,0,247,16,46,0.086,0.1554,0.2483
1590512773.8169327,0,0,125,254,117,3,177,1,246,0,149,253,17,0,63,0,28,253,154,16,224,255,130,1,136,42,8,246,250,246,229,45,0.2229,0.1828,0.1926
1590512773.8244388,1,0,125,254,122,3,137,1,12,1,189,253,31,0,78,0,170,252,162,16,226,255,130,1,191,42,18,246,244,246,179,45,0.2229,0.1828,0.1926
1590512773.83374,22,1,139,252,137,254,137,1,12,1,189,253,138,254,10,2,222,249,179,16,228,255,134,1,33,43,239,245,230,246,76,45,0.2229,0.174,0.2669
1590512773.848644,183,248,74,248,215,253,137,1,12,1,189,253,249,248,189,5,31,204,54,17,13,0,153,1,42,46,214,245,31,246,0,42,0.2307,0.1769,0.1779
1590512773.8555663,177,0,11,1,210,254,137,1,12,1,189,253,162,244,223,6,111,210,171,17,47,0,177,1,150,48,94,245,77,245,213,38,0.2307,0.1769,0.1779
1590512773.8707755,213,255,200,255,76,0,137,1,12,1,189,253,70,247,21,254,94,248,190,17,60,0,198,1,212,48,2,245,156,244,58,38,0.2678,0.1838,0.1984
1590512773.8767357,55,0,165,255,174,1,137,1,89,1,188,253,119,247,158,254,217,249,205,17,71,0,218,1,254,48,156,244,252,243,181,37,0.2678,0.1838,0.1984
1590512773.888022,157,0,220,255,93,2,137,1,89,1,188,253,183,247,18,255,91,250,219,17,80,0,238,1,34,49,52,244,107,243,54,37,0.2688,0.1642,0.1808
1590512773.8942442,38,255,18,255,134,4,137,1,89,1,188,253,39,253,17,5,195,250,236,17,76,0,244,1,111,49,217,243,135,243,187,36,0.2688,0.1642,0.1808
1590512773.9080563,110,0,185,255,202,1,137,1,89,1,188,253,130,4,156,0,232,250,248,17,81,0,231,1,197,49,53,244,181,243,116,36,0.2825,0.1398,0.2356
1590512773.9160697,22,0,93,255,159,3,137,1,89,1,188,253,88,9,30,1,12,251,4,18,85,0,207,1,45,50,221,244,42,244,65,36,0.2825,0.1398,0.2356
1590512773.9283757,28,0,120,255,77,2,17,1,248,1,234,253,163,13,147,1,103,251,15,18,87,0,172,1,159,50,201,245,224,244,33,36,0.2835,0.1251,0.2102
1590512773.934965,183,2,122,0,52,8,17,1,248,1,234,253,60,18,161,0,26,252,23,18,89,0,126,1,14,51,16,247,194,245,30,36,0.2835,0.1251,0.2102
1590512773.9449291,165,255,202,255,245,255,17,1,248,1,234,253,12,11,254,252,168,253,26,18,98,0,99,1,66,51,2,248,16,246,36,36,0.2893,0.1613,0.2102
1590512773.954312,95,0,90,0,216,255,17,1,248,1,234,253,3,1,157,254,124,255,26,18,102,0,96,1,70,51,39,248,2,246,34,36,0.2893,0.1613,0.218
1590512773.9682865,84,0,172,255,63,2,17,1,248,1,234,253,235,254,76,255,184,0,24,18,103,0,99,1,56,51,26,248,234,245,45,36,0.2972,0.13,0.1769
1590512773.9746108,186,1,215,254,151,5,9,1,185,1,188,253,189,252,29,3,235,1,21,18,94,0,107,1,33,51,178,247,254,245,59,36,0.2972,0.13,0.1769
1590512773.985561,129,0,166,254,61,5,9,1,185,1,188,253,65,255,234,4,2,2,19,18,81,0,109,1,23,51,97,247,81,246,78,36,0.3265,0.1339,0.1887
1590512773.994862,97,0,63,255,46,3,9,1,185,1,188,253,181,255,29,253,93,1,14,18,86,0,110,1,251,50,123,247,31,246,109,36,0.3265,0.1339,0.1887
1590512774.0062585,116,0,37,255,103,3,9,1,185,1,188,253,156,0,205,253,223,1,8,18,89,0,109,1,221,50,155,247,5,246,151,36,0.305,0.1359,0.1799
1590512774.0212047,112,0,74,254,233,5,9,1,185,1,188,253,130,0,243,0,224,2,1,18,84,0,109,1,190,50,142,247,37,246,200,36,0.3451,0.1369,0.2043
1590512774.0264547,40,0,125,255,4,2,38,1,187,1,194,253,98,254,166,0,114,3,249,17,80,0,113,1,143,50,94,247,37,246,253,36,0.3451,0.1369,0.2043
1590512774.039501,92,0,156,254,231,4,38,1,187,1,194,253,87,255,18,255,152,3,240,17,78,0,116,1,92,50,82,247,23,246,60,37,0.3118,0.132,0.173
1590512774.0456672,55,0,246,254,168,2,38,1,187,1,194,253,207,0,102,0,56,4,230,17,73,0,115,1,41,50,76,247,54,246,135,37,0.3118,0.132,0.173
1590512774.0589383,68,0,164,254,102,4,38,1,187,1,194,253,43,0,76,255,101,4,219,17,71,0,115,1,238,49,74,247,57,246,214,37,0.3196,0.1251,0.216
1590512774.0671155,52,0,14,255,210,2,38,1,187,1,194,253,80,255,189,255,221,4,206,17,66,0,118,1,171,49,49,247,58,246,40,38,0.3196,0.1251,0.216
1590512774.0791588,6,0,23,246,136,2,49,1,182,1,181,253,238,255,123,255,40,5,193,17,62,0,119,1,100,49,37,247,64,246,130,38,0.3148,0.1408,0.2268
1590512774.0852978,94,0,71,255,44,4,49,1,182,1,181,253,161,254,55,255,25,10,168,17,54,0,124,1,214,48,246,246,63,246,44,39,0.3148,0.1408,0.2268
1590512774.0979502,141,255,177,254,34,3,49,1,182,1,181,253,239,255,104,254,144,16,126,17,41,0,126,1,237,47,211,246,88,246,70,40,0.3216,0.1329,0.218
1590512774.1057053,188,255,5,255,104,2,49,1,182,1,181,253,92,1,37,255,147,16,85,17,27,0,124,1,4,47,191,246,146,246,93,41,0.3216,0.1329,0.218
1590512774.1182835,113,2,125,252,134,3,49,1,182,1,181,253,47,255,162,254,65,16,44,17,13,0,127,1,18,46,145,246,164,246,101,42,0.3187,0.1349,0.2366
1590512774.1251585,47,255,93,0,119,2,86,1,158,1,188,253,18,254,55,254,234,10,16,17,6,0,132,1,100,45,105,246,144,246,17,43,0.3187,0.1349,0.2366
1590512774.135571,37,255,224,255,91,6,86,1,158,1,188,253,70,255,99,0,4,252,26,17,10,0,134,1,158,45,101,246,126,246,206,42,0.3177,0.132,0.2366
1590512774.145297,195,255,40,0,124,0,86,1,158,1,188,253,8,3,45,1,159,251,37,17,11,0,126,1,236,45,146,246,175,246,143,42,0.3177,0.132,0.1799
1590512774.1570032,112,255,148,254,178,5,86,1,158,1,188,253,132,1,159,255,94,252,46,17,16,0,122,1,38,46,188,246,179,246,91,42,0.3157,0.1251,0.1848
1590512774.1720498,206,255,20,255,129,3,86,1,158,1,188,253,250,253,157,0,67,253,53,17,17,0,127,1,73,46,155,246,151,246,39,42,0.3177,0.1339,0.1808
1590512774.1776187,219,255,242,254,152,3,121,1,110,1,188,253,13,1,60,0,14,255,56,17,18,0,124,1,91,46,172,246,167,246,27,42,0.3177,0.1339,0.1808
1590512774.1859968,191,255,210,254,205,2,121,1,110,1,188,253,13,1,60,0,14,255,58,17,18,0,122,1,109,46,188,246,183,246,14,42,0.3177,0.1339,0.1808
1590512774.19838,95,2,33,252,33,3,121,1,110,1,188,253,171,255,16,0,203,255,59,17,18,0,122,1,111,46,182,246,178,246,9,42,0.3148,0.1515,0.1808
1590512774.2096443,163,255,187,255,9,4,121,1,110,1,188,253,209,0,248,255,206,0,57,17,17,0,120,1,102,46,193,246,193,246,25,42,0.3138,0.13,0.1838
1590512774.2175295,143,255,127,255,249,2,121,1,110,1,188,253,239,0,109,0,195,255,57,17,17,0,118,1,110,46,202,246,212,246,23,42,0.3138,0.13,0.1838
1590512774.2294047,7,0,185,254,250,2,115,1,123,1,200,253,28,255,135,255,70,255,59,17,18,0,120,1,116,46,197,246,190,246,10,42,0.305,0.1632,0.1857
1590512774.236312,236,255,138,253,139,3,115,1,123,1,200,253,136,255,6,0,103,255,60,17,19,0,121,1,123,46,192,246,181,246,254,41,0.305,0.1632,0.1857
1590512774.2487001,33,0,156,254,112,3,115,1,123,1,200,253,90,0,14,0,52,0,60,17,19,0,120,1,122,46,196,246,187,246,3,42,0.3148,0.129,0.1857
1590512774.2553973,2,0,40,254,112,3,115,1,123,1,200,253,15,0,245,255,253,255,60,17,19,0,120,1,122,46,198,246,188,246,3,42,0.3148,0.129,0.1857
1590512774.2695627,12,0,72,254,105,3,115,1,123,1,200,253,2,0,255,255,1,0,60,17,19,0,120,1,122,46,198,246,188,246,3,42,0.3363,0.1388,0.1848
1590512774.2755408,14,0,76,254,135,3,102,1,134,1,181,253,255,255,1,0,1,0,60,17,19,0,120,1,122,46,198,246,188,246,3,42,0.3363,0.1388,0.1848
1590512774.288918,14,0,47,254,122,3,102,1,134,1,181,253,236,255,255,255,0,0,60,17,19,0,121,1,121,46,196,246,187,246,3,42,0.3167,0.1554,0.1887
1590512774.296142,16,0,46,254,90,3,102,1,134,1,181,253,1,0,255,255,255,255,60,17,19,0,121,1,121,46,196,246,187,246,3,42,0.3167,0.1554,0.1887
1590512774.3078911,14,0,54,254,92,3,102,1,134,1,181,253,2,0,0,0,0,0,60,17,19,0,121,1,121,46,196,246,187,246,3,42,0.349,0.1369,0.1838
1590512774.3214798,14,0,80,254,128,3,102,1,134,1,181,253,18,0,1,0,3,0,60,17,19,0,121,1,120,46,191,246,183,246,2,42,0.3421,0.1369,0.1838
1590512774.3277557,12,0,55,254,119,3,115,1,123,1,188,253,252,255,1,0,1,0,60,17,19,0,122,1,119,46,184,246,178,246,1,42,0.3421,0.1711,0.1838
1590512774.3374338,12,0,64,254,115,3,115,1,123,1,188,253,246,255,254,255,0,0,60,17,18,0,123,1,117,46,177,246,172,246,0,42,0.3421,0.1711,0.1906
1590512774.3492572,11,0,47,254,77,3,115,1,123,1,188,253,239,255,0,0,1,0,60,17,18,0,125,1,115,46,166,246,164,246,254,41,0.3812,0.1496,0.1896
1590512774.3587463,14,0,69,254,111,3,115,1,123,1,188,253,7,0,0,0,0,0,60,17,18,0,126,1,113,46,158,246,159,246,253,41,0.3314,0.1496,0.1896
1590512774.3696024,14,0,53,254,107,3,115,1,123,1,188,253,12,0,2,0,254,255,60,17,18,0,127,1,112,46,152,246,154,246,252,41,0.3314,0.1632,0.1818
1590512774.3811429,14,0,74,254,128,3,121,1,123,1,181,253,7,0,3,0,2,0,60,17,18,0,128,1,111,46,147,246,151,246,252,41,0.3392,0.132,0.1808
1590512774.3876648,13,0,57,254,107,3,121,1,123,1,181,253,243,255,0,0,1,0,60,17,18,0,128,1,109,46,140,246,146,246,251,41,0.3392,0.132,0.1808
1590512774.4013631,14,0,58,254,104,3,121,1,123,1,181,253,245,255,1,0,255,255,60,17,18,0,129,1,108,46,133,246,140,246,250,41,0.2972,0.1515,0.2258
1590512774.4069953,14,0,59,254,96,3,121,1,123,1,181,253,253,255,255,255,255,255,60,17,18,0,130,1,106,46,127,246,135,246,249,41,0.2972,0.1515,0.2258
1590512774.4196966,12,0,63,254,116,3,121,1,123,1,181,253,14,0,1,0,2,0,60,17,18,0,131,1,105,46,122,246,132,246,248,41,0.3128,0.2023,0.2258
1590512774.4279196,13,0,68,254,117,3,108,1,100,1,188,253,7,0,254,255,3,0,60,17,18,0,132,1,104,46,117,246,129,246,247,41,0.3128,0.2023,0.175
1590512774.438356,12,0,64,254,124,3,108,1,100,1,188,253,253,255,0,0,1,0,60,17,17,0,132,1,103,46,113,246,126,246,247,41,0.305,0.1848,0.175
1590512774.447287,10,0,58,254,99,3,108,1,100,1,188,253,241,255,0,0,255,255,59,17,17,0,133,1,102,46,107,246,122,246,246,41,0.305,0.1848,0.2336
1590512774.4577494,12,0,55,254,102,3,108,1,100,1,188,253,250,255,0,0,255,255,59,17,17,0,134,1,101,46,101,246,118,246,245,41,0.3128,0.172,0.2336
1590512774.4696934,12,0,62,254,100,3,108,1,100,1,188,253,2,0,255,255,1,0,59,17,17,0,135,1,99,46,96,246,114,246,244,41,0.3128,0.172,0.1603
1590512774.4782708,12,0,61,254,118,3,108,1,123,1,188,253,10,0,3,0,2,0,59,17,17,0,135,1,98,46,92,246,111,246,244,41,0.303,0.2072,0.1603
1590512774.488092,12,0,70,254,113,3,108,1,123,1,188,253,254,255,1,0,0,0,59,17,17,0,136,1,97,46,88,246,108,246,243,41,0.303,0.2072,0.1672
1590512774.498675,13,0,60,254,106,3,108,1,123,1,188,253,249,255,254,255,255,255,59,17,17,0,136,1,97,46,83,246,105,246,243,41,0.3128,0.1408,0.1935
1590512774.5084324,13,0,56,254,96,3,108,1,123,1,188,253,247,255,254,255,254,255,59,17,17,0,137,1,95,46,78,246,102,246,242,41,0.3372,0.1408,0.1935
1590512774.5201685,13,0,55,254,108,3,108,1,123,1,188,253,5,0,1,0,1,0,59,17,17,0,138,1,94,46,74,246,98,246,241,41,0.3372,0.1603,0.1945
1590512774.5321677,11,0,63,254,114,3,115,1,123,1,194,253,10,0,254,255,2,0,59,17,17,0,138,1,93,46,70,246,96,246,241,41,0.3118,0.1329,0.1808
1590512774.5384247,10,0,68,254,123,3,115,1,123,1,194,253,6,0,255,255,2,0,59,17,17,0,139,1,93,46,67,246,94,246,240,41,0.3118,0.1329,0.1808
1590512774.552793,12,0,58,254,103,3,115,1,123,1,194,253,249,255,1,0,0,0,59,17,17,0,139,1,92,46,63,246,91,246,240,41,0.3363,0.1476,0.1681
1590512774.5589383,14,0,55,254,103,3,115,1,123,1,194,253,248,255,0,0,1,0,59,17,16,0,140,1,91,46,59,246,88,246,239,41,0.3363,0.1476,0.1681
1590512774.5731194,12,0,55,254,101,3,115,1,123,1,194,253,251,255,0,0,1,0,59,17,16,0,140,1,90,46,54,246,84,246,238,41,0.3118,0.1163,0.1975
1590512774.5792427,16,0,62,254,112,3,91,1,116,1,188,253,4,0,1,0,0,0,59,17,16,0,141,1,89,46,50,246,82,246,238,41,0.3118,0.1163,0.1975
1590512774.588403,14,0,64,254,113,3,91,1,116,1,188,253,5,0,1,0,0,0,59,17,16,0,141,1,88,46,47,246,79,246,237,41,0.3324,0.1163,0.1975
1590512774.597924,12,0,65,254,107,3,91,1,116,1,188,253,0,0,1,0,1,0,59,17,16,0,142,1,88,46,44,246,77,246,237,41,0.3324,0.1281,0.174
1590512774.6119583,13,0,56,254,103,3,91,1,116,1,188,253,247,255,254,255,1,0,59,17,16,0,142,1,87,46,41,246,75,246,236,41,0.3118,0.1202,0.1408
1590512774.6265924,14,0,59,254,108,3,91,1,116,1,188,253,250,255,1,0,255,255,59,17,16,0,143,1,86,46,38,246,72,246,236,41,0.3636,0.13,0.1505
1590512774.6320958,12,0,58,254,111,3,115,1,110,1,188,253,2,0,255,255,2,0,59,17,16,0,143,1,85,46,34,246,69,246,235,41,0.3636,0.13,0.1505
1590512774.6389408,13,0,64,254,118,3,115,1,110,1,188,253,7,0,0,0,1,0,59,17,16,0,144,1,85,46,31,246,68,246,235,41,0.3636,0.13,0.1505
1590512774.648213,12,0,63,254,107,3,115,1,110,1,188,253,1,0,254,255,0,0,59,17,16,0,144,1,84,46,29,246,66,246,235,41,0.3118,0.1232,0.1505
1590512774.6603894,11,0,61,254,108,3,115,1,110,1,188,253,252,255,0,0,255,255,59,17,16,0,144,1,83,46,26,246,64,246,234,41,0.3685,0.1232,0.1652
1590512774.6707656,14,0,55,254,109,3,115,1,110,1,188,253,250,255,255,255,2,0,59,17,16,0,145,1,83,46,23,246,61,246,234,41,0.3685,0.1339,0.1662
1590512774.6823857,13,0,59,254,112,3,115,1,116,1,194,253,0,0,4,0,255,255,59,17,16,0,145,1,82,46,20,246,59,246,233,41,0.3109,0.1271,0.1662
1590512774.688623,13,0,61,254,110,3,115,1,116,1,194,253,6,0,2,0,0,0,59,17,16,0,146,1,81,46,17,246,57,246,233,41,0.3109,0.1271,0.1818
1590512774.704163,11,0,62,254,106,3,115,1,116,1,194,253,4,0,0,0,1,0,59,17,16,0,146,1,81,46,15,246,55,246,232,41,0.3803,0.1378,0.1818
1590512774.7100313,14,0,63,254,108,3,115,1,116,1,194,253,251,255,0,0,1,0,59,17,16,0,146,1,80,46,12,246,54,246,232,41,0.3803,0.1378,0.1818
1590512774.7240524,14,0,58,254,110,3,115,1,116,1,194,253,245,255,0,0,1,0,59,17,16,0,147,1,80,46,9,246,51,246,231,41,0.3118,0.1329,0.1887
1590512774.7306557,12,0,58,254,107,3,115,1,116,1,194,253,251,255,0,0,0,0,59,17,16,0,147,1,79,46,6,246,49,246,231,41,0.3118,0.1329,0.1887
1590512774.739176,13,0,61,254,108,3,115,1,116,1,194,253,7,0,254,255,2,0,59,17,16,0,148,1,78,46,4,246,47,246,231,41,0.3451,0.1329,0.1887
1590512774.749064,12,0,65,254,106,3,115,1,116,1,194,253,6,0,254,255,3,0,59,17,16,0,148,1,78,46,1,246,46,246,230,41,0.3451,0.1378,0.1896
1590512774.7628791,12,0,66,254,110,3,115,1,116,1,194,253,1,0,0,0,1,0,59,17,16,0,148,1,77,46,255,245,44,246,230,41,0.3118,0.132,0.1838
1590512774.7719665,15,0,62,254,110,3,115,1,116,1,194,253,249,255,2,0,0,0,59,17,16,0,148,1,77,46,253,245,43,246,230,41,0.3118,0.132,0.1838
1590512774.7801487,13,0,56,254,108,3,108,1,110,1,200,253,253,255,1,0,255,255,59,17,16,0,149,1,76,46,251,245,41,246,229,41,0.347,0.132,0.1838
1590512774.7887356,10,0,58,254,110,3,108,1,110,1,200,253,1,0,254,255,0,0,59,17,15,0,149,1,76,46,249,245,40,246,229,41,0.347,0.1339,0.1848
1590512774.80094,13,0,61,254,107,3,108,1,110,1,200,253,5,0,2,0,1,0,59,17,15,0,149,1,75,46,246,245,38,246,229,41,0.3118,0.13,0.2336
1590512774.8095362,12,0,64,254,112,3,108,1,110,1,200,253,1,0,254,255,1,0,59,17,15,0,150,1,75,46,244,245,37,246,228,41,0.3118,0.13,0.2336
1590512774.8220694,13,0,62,254,112,3,108,1,110,1,200,253,251,255,2,0,0,0,59,17,15,0,150,1,74,46,243,245,35,246,228,41,0.3431,0.1222,0.1818
1590512774.8295147,11,0,59,254,109,3,115,1,116,1,194,253,249,255,0,0,255,255,59,17,15,0,150,1,74,46,241,245,34,246,228,41,0.3431,0.1222,0.1818
1590512774.8414319,14,0,58,254,104,3,115,1,116,1,194,253,253,255,255,255,0,0,59,17,15,0,151,1,73,46,238,245,32,246,227,41,0.3138,0.1095,0.1867
1590512774.8494132,13,0,60,254,103,3,115,1,116,1,194,253,4,0,2,0,254,255,59,17,15,0,151,1,73,46,236,245,31,246,227,41,0.3138,0.1095,0.1867
1590512774.8620512,13,0,64,254,109,3,115,1,116,1,194,253,4,0,254,255,1,0,59,17,15,0,151,1,73,46,234,245,29,246,227,41,0.3529,0.1369,0.175
1590512774.8771214,13,0,62,254,113,3,115,1,116,1,194,253,0,0,253,255,255,255,59,17,15,0,151,1,72,46,233,245,28,246,227,41,0.3177,0.1515,0.1642
1590512774.8832889,13,0,61,254,109,3,102,1,116,1,200,253,249,255,255,255,0,0,59,17,15,0,152,1,72,46,231,245,27,246,226,41,0.3177,0.1515,0.1642
1590512774.8946838,13,0,58,254,110,3,102,1,116,1,200,253,252,255,0,0,0,0,59,17,15,0,152,1,71,46,229,245,26,246,226,41,0.3509,0.1388,0.175
1590512774.9005089,11,0,58,254,99,3,102,1,116,1,200,253,4,0,1,0,1,0,59,17,15,0,152,1,71,46,227,245,24,246,226,41,0.3509,0.1388,0.175
1590512774.9139233,13,0,64,254,105,3,102,1,116,1,200,253,3,0,255,255,1,0,59,17,15,0,152,1,70,46,225,245,23,246,225,41,0.3128,0.1711,0.1603
1590512774.9218755,12,0,63,254,113,3,102,1,116,1,200,253,1,0,254,255,2,0,59,17,15,0,153,1,70,46,224,245,22,246,225,41,0.3128,0.1711,0.1603
1590512774.9334235,12,0,60,254,112,3,102,1,116,1,188,253,252,255,0,0,255,255,59,17,15,0,153,1,70,46,222,245,20,246,225,41,0.3128,0.1398,0.172
1590512774.9395847,14,0,58,254,110,3,102,1,116,1,188,253,249,255,255,255,0,0,59,17,15,0,153,1,69,46,220,245,19,246,225,41,0.3128,0.1398,0.172
1590512774.9500601,13,0,60,254,105,3,102,1,116,1,188,253,1,0,0,0,0,0,59,17,15,0,153,1,69,46,218,245,18,246,224,41,0.3656,0.1398,0.172
1590512774.959988,12,0,61,254,109,3,102,1,116,1,188,253,5,0,254,255,1,0,59,17,15,0,154,1,68,46,217,245,17,246,224,41,0.3656,0.1398,0.1613
1590512774.9740984,12,0,65,254,114,3,102,1,116,1,188,253,1,0,255,255,0,0,59,17,15,0,154,1,68,46,216,245,16,246,224,41,0.3118,0.132,0.173
1590512774.9801505,13,0,61,254,113,3,126,1,116,1,200,253,251,255,1,0,255,255,59,17,15,0,154,1,68,46,214,245,15,246,224,41,0.3118,0.132,0.173
1590512774.990654,13,0,57,254,107,3,126,1,116,1,200,253,251,255,2,0,2,0,59,17,15,0,154,1,67,46,213,245,14,246,224,41,0.3666,0.1427,0.173
1590512774.99953,12,0,56,254,99,3,126,1,116,1,200,253,255,255,255,255,1,0,59,17,15,0,154,1,67,46,211,245,12,246,223,41,0.3666,0.1427,0.1935
1590512775.0101542,11,0,61,254,106,3,126,1,116,1,200,253,4,0,1,0,2,0,59,17,15,0,155,1,67,46,209,245,11,246,223,41,0.3118,0.1329,0.1935
1590512775.0280135,13,0,62,254,114,3,126,1,116,1,200,253,6,0,254,255,2,0,59,17,15,0,155,1,66,46,207,245,10,246,223,41,0.3441,0.2004,0.1955
1590512775.0338268,14,0,62,254,115,3,126,1,110,1,188,253,255,255,2,0,255,255,59,17,15,0,155,1,66,46,206,245,9,246,223,41,0.3441,0.2004,0.1955
1590512775.0427427,11,0,58,254,114,3,126,1,110,1,188,253,250,255,255,255,0,0,59,17,15,0,155,1,66,46,205,245,8,246,222,41,0.3118,0.2004,0.1955
1590512775.053456,11,0,59,254,101,3,126,1,110,1,188,253,249,255,255,255,254,255,59,17,15,0,155,1,65,46,203,245,7,246,222,41,0.3118,0.1408,0.172
1590512775.0646212,12,0,62,254,107,3,126,1,110,1,188,253,0,0,0,0,1,0,59,17,15,0,156,1,65,46,202,245,6,246,222,41,0.3167,0.1769,0.172
1590512775.0728314,13,0,63,254,115,3,126,1,110,1,188,253,4,0,1,0,254,255,59,17,15,0,156,1,65,46,201,245,5,246,222,41,0.3167,0.1769,0.2033
1590512775.0844567,15,0,63,254,116,3,126,1,129,1,188,253,2,0,0,0,0,0,59,17,15,0,156,1,64,46,200,245,5,246,222,41,0.3118,0.1818,0.2033
1590512775.0905817,11,0,60,254,106,3,126,1,129,1,188,253,250,255,255,255,1,0,59,17,15,0,156,1,64,46,199,245,4,246,221,41,0.3118,0.1818,0.1867
1590512775.103821,13,0,61,254,97,3,126,1,129,1,188,253,250,255,0,0,0,0,59,17,15,0,156,1,64,46,197,245,3,246,221,41,0.3138,0.1329,0.2375
1590512775.1102283,13,0,60,254,106,3,126,1,129,1,188,253,0,0,253,255,0,0,59,17,15,0,157,1,63,46,196,245,2,246,221,41,0.3138,0.1329,0.2375
1590512775.1251535,13,0,61,254,111,3,126,1,129,1,188,253,3,0,253,255,0,0,59,17,15,0,157,1,63,46,194,245,1,246,221,41,0.3128,0.1251,0.218
1590512775.1310256,12,0,63,254,114,3,102,1,110,1,188,253,3,0,3,0,254,255,59,17,15,0,157,1,63,46,193,245,0,246,221,41,0.3128,0.1251,0.218
1590512775.142761,15,0,61,254,112,3,102,1,110,1,188,253,252,255,1,0,254,255,59,17,15,0,157,1,63,46,192,245,255,245,220,41,0.3128,0.131,0.2239
1590512775.150431,12,0,59,254,100,3,102,1,110,1,188,253,253,255,255,255,255,255,59,17,14,0,157,1,62,46,191,245,254,245,220,41,0.3128,0.131,0.2239
1590512775.1617043,13,0,60,254,103,3,102,1,110,1,188,253,254,255,1,0,0,0,59,17,14,0,157,1,62,46,190,245,253,245,220,41,0.3118,0.1281,0.2121
1590512775.1740015,13,0,62,254,112,3,102,1,110,1,188,253,1,0,0,0,255,255,59,17,14,0,158,1,62,46,189,245,253,245,220,41,0.3118,0.1281,0.2121
1590512775.1851885,14,0,63,254,114,3,115,1,116,1,200,253,1,0,255,255,0,0,59,17,14,0,158,1,62,46,188,245,252,245,220,41,0.3118,0.129,0.2063
1590512775.1930227,11,0,63,254,117,3,115,1,116,1,200,253,0,0,255,255,2,0,59,17,14,0,158,1,61,46,187,245,251,245,220,41,0.3118,0.129,0.2063
1590512775.204094,14,0,60,254,99,3,115,1,116,1,200,253,250,255,0,0,0,0,59,17,14,0,158,1,61,46,186,245,251,245,219,41,0.3118,0.131,0.1799
1590512775.2163575,14,0,61,254,104,3,115,1,116,1,200,253,252,255,2,0,0,0,59,17,14,0,158,1,61,46,185,245,250,245,219,41,0.3118,0.129,0.2072
1590512775.2234614,15,0,61,254,107,3,115,1,116,1,200,253,0,0,0,0,1,0,59,17,14,0,158,1,61,46,184,245,249,245,219,41,0.3118,0.129,0.2072
1590512775.2309177,13,0,61,254,114,3,108,1,105,1,188,253,1,0,0,0,0,0,59,17,14,0,158,1,60,46,183,245,248,245,219,41,0.3118,0.129,0.2072
1590512775.242519,13,0,60,254,109,3,108,1,105,1,188,253,1,0,2,0,0,0,59,17,14,0,159,1,60,46,182,245,248,245,219,41,0.305,0.1906,0.1848
1590512775.251885,14,0,60,254,103,3,108,1,105,1,188,253,253,255,3,0,1,0,59,17,14,0,159,1,60,46,181,245,247,245,218,41,0.3118,0.1906,0.1848
1590512775.260739,12,0,61,254,104,3,108,1,105,1,188,253,252,255,1,0,1,0,59,17,14,0,159,1,60,46,180,245,246,245,218,41,0.3118,0.1349,0.218
1590512775.2743895,15,0,61,254,111,3,108,1,105,1,188,253,254,255,0,0,0,0,59,17,14,0,159,1,59,46,179,245,245,245,218,41,0.3382,0.1476,0.218
1590512775.2811406,12,0,61,254,113,3,115,1,123,1,181,253,1,0,1,0,0,0,59,17,14,0,159,1,59,46,178,245,244,245,218,41,0.3382,0.1476,0.1848
1590512775.295423,14,0,64,254,114,3,115,1,123,1,181,253,2,0,3,0,2,0,59,17,14,0,159,1,59,46,177,245,244,245,218,41,0.3118,0.1251,0.1867
1590512775.30143,13,0,63,254,105,3,115,1,123,1,181,253,0,0,255,255,2,0,59,17,14,0,159,1,59,46,176,245,243,245,218,41,0.3118,0.1251,0.1867
1590512775.3112183,15,0,60,254,107,3,115,1,123,1,181,253,252,255,0,0,1,0,59,17,14,0,159,1,59,46,175,245,243,245,218,41,0.3431,0.131,0.1867
