time,acc_x,acc_y,acc_z,mag_x,mag_y,mag_z,gyr_x,gyr_y,gyr_z,ori_z,ori_y,ori_x,q,p1,p2,p3,A0,A1,A2
1589542961.7884395,0.16,-4.2,8.81,0.4722222222222222,0.2966666666666667,-0.6555555555555556,0.0,0.009817477042468103,0.0,4.790928796724434,0.01090830782496456,0.4374231437810788,-0.1514033668367559,-0.16061789656522232,0.6816487346090351,0.6975915097099159,0.34953162930465587,0.4042283755220455,0.12351788546133634
1589542961.7960393,0.17,-4.19,8.83,0.4866666666666667,0.31777777777777777,-0.67,0.0,0.002181661564992912,0.002181661564992912,4.790928796724434,0.01090830782496456,0.4374231437810788,-0.15137943355957925,-0.1606350444240846,0.6816619418952123,0.6975798496012492,0.34953162930465587,0.4042283755220455,0.12351788546133634
1589542961.805865,0.13,-4.18,8.82,0.4866666666666667,0.31777777777777777,-0.67,0.001090830782496456,-0.006544984694978735,0.002181661564992912,4.790928796724434,0.01090830782496456,0.4374231437810788,-0.15133811992696464,-0.16066996898466035,0.6816871919440091,0.6975560958538974,0.34232915890069343,0.3593288242735007,0.12351788546133634
1589542961.815894,0.15,-4.16,8.74,0.4866666666666667,0.31777777777777777,-0.67,0.001090830782496456,-0.011999138607461015,0.004363323129985824,4.790928796724434,0.01090830782496456,0.4374231437810788,-0.15129166758946497,-0.16069537153932203,0.6817212930215132,0.6975269941191626,0.34232915890069343,0.3593288242735007,0.13796295602243508
1589542961.8257673,0.14,-4.18,8.79,0.4866666666666667,0.31777777777777777,-0.67,0.0032724923474893677,-0.011999138607461015,0.006544984694978735,4.790928796724434,0.01090830782496456,0.4374231437810788,-0.1512877736773257,-0.16071329400029905,0.6817892196964818,0.6974573152336954,0.34232915890069343,0.4240506381044018,0.13796295602243508
1589542961.8425527,0.18,-4.17,8.78,0.4866666666666667,0.31777777777777777,-0.67,-0.001090830782496456,-0.004363323129985824,0.01090830782496456,4.790928796724434,0.01090830782496456,0.4374231437810788,-0.15131141149930777,-0.16069488610928562,0.681823847337552,0.697422577445145,0.3269896237620402,0.41408574428279465,0.1375336592135079
1589542961.8492048,0.2,-4.2,8.83,0.4722222222222222,0.31777777777777777,-0.6488888888888888,-0.001090830782496456,0.00545415391248228,0.016362461737446838,4.790928796724434,0.01090830782496456,0.4374231437810788,-0.15135504102099473,-0.16066095938802366,0.6818877404653452,0.6973584566699674,0.3269896237620402,0.41408574428279465,0.1375336592135079
1589542961.8614821,0.21,-4.24,8.84,0.4722222222222222,0.31777777777777777,-0.6488888888888888,-0.001090830782496456,0.00545415391248228,0.016362461737446838,4.789837965941938,0.01090830782496456,0.4374231437810788,-0.15139318707789748,-0.16064582837487926,0.6818940588444943,0.6973474838591784,0.34232915890069343,0.41713108403018173,0.1375336592135079
1589542961.8676872,0.17,-4.21,8.79,0.4722222222222222,0.31777777777777777,-0.6488888888888888,-0.00545415391248228,0.01090830782496456,0.006544984694978735,4.789837965941938,0.01090830782496456,0.4374231437810788,-0.15146634546362592,-0.16061739446960463,0.681901755851263,0.6973306204037317,0.34232915890069343,0.41713108403018173,0.1375336592135079
1589542961.8797672,0.2,-4.2,8.81,0.4722222222222222,0.31777777777777777,-0.6488888888888888,-0.00545415391248228,0.01090830782496456,0.00545415391248228,4.789837965941938,0.01090830782496456,0.4374231437810788,-0.15149590808371197,-0.1606080501585383,0.6819059666688223,0.6973222330312027,0.27496052092173096,0.40103947453341987,0.1375336592135079
1589542961.8888354,0.21,-4.2,8.81,0.4722222222222222,0.31777777777777777,-0.6488888888888888,-0.0032724923474893677,0.00545415391248228,0.0032724923474893677,4.789837965941938,0.01090830782496456,0.4374231437810788,-0.15151401833284,-0.16060179626819407,0.681901880652088,0.6973237343208752,0.27496052092173096,0.40103947453341987,0.1375336592135079
1589542961.8969054,0.21,-4.19,8.81,0.4722222222222222,0.3233333333333333,-0.6344444444444445,-0.002181661564992912,0.004363323129985824,0.0,4.789837965941938,0.01090830782496456,0.4374231437810788,-0.1515395121899865,-0.16059724003384504,0.6818998739552451,0.6973212062160116,0.35199575785121906,0.40103947453341987,0.1375336592135079
1589542961.9062958,0.19,-4.21,8.81,0.4722222222222222,0.3233333333333333,-0.6344444444444445,-0.0032724923474893677,0.004363323129985824,0.001090830782496456,4.789837965941938,0.01090830782496456,0.4374231437810788,-0.15155323407195564,-0.16058313778916772,0.6818885116069878,0.6973325826594675,0.35199575785121906,0.4042283755220455,0.1375336592135079
1589542961.9167054,0.15,-4.18,8.7,0.4722222222222222,0.3233333333333333,-0.6344444444444445,0.0,0.004363323129985824,-0.002181661564992912,4.789837965941938,0.01090830782496456,0.4374231437810788,-0.15157534965169073,-0.16059954212306357,0.6818956843749117,0.6973169839310532,0.28598735499456934,0.4042283755220455,0.1375336592135079
1589542961.9268992,0.14,-4.18,8.74,0.4722222222222222,0.3233333333333333,-0.6344444444444445,-0.00545415391248228,0.0,0.0032724923474893677,4.789837965941938,0.01090830782496456,0.4374231437810788,-0.151604367696665,-0.16059821442504196,0.6818940675722153,0.697312562505941,0.28598735499456934,0.27496052092173096,0.1371068530957331
1589542961.9392776,0.17,-4.19,8.78,0.4722222222222222,0.3233333333333333,-0.6344444444444445,-0.0032724923474893677,0.0032724923474893677,0.001090830782496456,4.789837965941938,0.01090830782496456,0.4374231437810788,-0.15162249364856165,-0.16058519264295743,0.6819012083647702,0.697304637410567,0.35424139487837897,0.4042283755220455,0.11954469151589853
1589542961.9462767,0.17,-4.2,8.81,0.4722222222222222,0.3233333333333333,-0.6344444444444445,-0.001090830782496456,0.00545415391248228,0.004363323129985824,4.789837965941938,0.01090830782496456,0.4374231437810788,-0.1516332308685793,-0.1605592786495136,0.6819148452356019,0.6972949341442322,0.35424139487837897,0.4042283755220455,0.11954469151589853
1589542961.9562654,0.18,-4.2,8.81,0.4722222222222222,0.3233333333333333,-0.6344444444444445,0.002181661564992912,0.004363323129985824,0.004363323129985824,4.789837965941938,0.01090830782496456,0.4374231437810788,-0.15165291094464914,-0.16053945191490734,0.6819275928336261,0.6972827526283807,0.3015432709413334,0.29969651553482884,0.11954469151589853
1589542961.966976,0.17,-4.18,8.76,0.4722222222222222,0.3233333333333333,-0.6344444444444445,0.0,0.004363323129985824,0.004363323129985824,4.789837965941938,0.01090830782496456,0.4374231437810788,-0.15167050563749884,-0.16050698881262612,0.681939192220143,0.6972750550364667,0.3015432709413334,0.29969651553482884,0.13588300621652982
1589542961.976633,0.15,-4.18,8.79,0.4722222222222222,0.3233333333333333,-0.6344444444444445,0.002181661564992912,0.006544984694978735,0.004363323129985824,4.789837965941938,0.01090830782496456,0.4374231437810788,-0.15166995139180603,-0.16050725769525334,0.6819668904549534,0.6972480235864124,0.36192406818273803,0.41408574428279465,0.13588300621652982
1589542961.9938214,0.13,-4.13,8.81,0.4722222222222222,0.3233333333333333,-0.6344444444444445,0.0,-0.001090830782496456,0.004363323129985824,4.789837965941938,0.01090830782496456,0.4374231437810788,-0.15165729117465127,-0.1605112581578035,0.6819842177026396,0.6972329086056427,0.31468770072761004,0.41075044065421673,0.11921617398410705
1589542961.9998586,0.18,-4.22,8.85,0.46,0.3111111111111111,-0.6344444444444445,0.002181661564992912,-0.00545415391248228,0.006544984694978735,4.789837965941938,0.01090830782496456,0.4374231437810788,-0.15164519479570143,-0.16049834705262866,0.6820095954186962,0.6972136883664676,0.31468770072761004,0.41075044065421673,0.12634297862979976
1589542962.0111618,0.17,-4.22,8.79,0.46,0.3111111111111111,-0.6344444444444445,0.0032724923474893677,-0.001090830782496456,0.00545415391248228,4.790928796724434,0.01090830782496456,0.4374231437810788,-0.15164264012676493,-0.16049168874715583,0.6820202117023544,0.6972053918092905,0.3723890828255631,0.3890400161097513,0.12634297862979976
1589542962.0174315,0.2,-4.23,8.74,0.46,0.3111111111111111,-0.6344444444444445,0.002181661564992912,0.0,0.004363323129985824,4.790928796724434,0.011999138607461015,0.4374231437810788,-0.1516397513439288,-0.16048731294416935,0.682024814066088,0.6972025252352647,0.3723890828255631,0.3890400161097513,0.11827294996026913
1589542962.0273302,0.19,-4.21,8.76,0.46,0.3111111111111111,-0.6344444444444445,0.001090830782496456,0.0,0.001090830782496456,4.790928796724434,0.011999138607461015,0.4374231437810788,-0.15166154252670816,-0.16046534303016802,0.6820348739717924,0.6971930011775156,0.3723890828255631,0.3890400161097513,0.11827294996026913
1589542962.0397522,0.16,-4.2,8.79,0.46,0.3111111111111111,-0.6344444444444445,0.0,0.004363323129985824,0.0032724923474893677,4.790928796724434,0.011999138607461015,0.4374231437810788,-0.15168452951204303,-0.16044767761887027,0.682029735481739,0.6971970927737224,0.3863657601866544,0.3723890828255631,0.1375336592135079
1589542962.0474634,0.17,-4.19,8.81,0.4922222222222222,0.3111111111111111,-0.6411111111111111,-0.001090830782496456,0.007635815477475192,0.0,4.790928796724434,0.011999138607461015,0.4374231437810788,-0.15169934431346313,-0.16042532194868517,0.6820302454853653,0.6971985149551729,0.35199575785121906,0.3723890828255631,0.1375336592135079
1589542962.0569575,0.18,-4.19,8.81,0.4922222222222222,0.3111111111111111,-0.6411111111111111,0.001090830782496456,0.00545415391248228,0.001090830782496456,4.790928796724434,0.011999138607461015,0.4374231437810788,-0.1517154632740057,-0.16037614295012703,0.6820267667133503,0.6972097248766166,0.35199575785121906,0.3920522731410346,0.11763054206942451
1589542962.0715249,0.17,-4.2,8.7,0.4922222222222222,0.3111111111111111,-0.6411111111111111,0.0032724923474893677,0.006544984694978735,0.0,4.790928796724434,0.011999138607461015,0.4385139745635753,-0.15171211518630068,-0.16034520780593026,0.6820250541205317,0.697219243847484,0.35424139487837897,0.2876789338815911,0.13668251655446575
1589542962.0779722,0.18,-4.2,8.79,0.4922222222222222,0.3111111111111111,-0.6411111111111111,0.007635815477475192,0.006544984694978735,-0.001090830782496456,4.790928796724434,0.011999138607461015,0.4385139745635753,-0.1516775105837263,-0.16033163339038914,0.68200735417534,0.697247207931481,0.35424139487837897,0.2876789338815911,0.13668251655446575
1589542962.0907743,0.16,-4.22,8.81,0.4922222222222222,0.3111111111111111,-0.6411111111111111,0.00545415391248228,-0.001090830782496456,-0.00545415391248228,4.790928796724434,0.011999138607461015,0.4385139745635753,-0.15165422616756613,-0.16031665659169597,0.6820068867877901,0.6972561736397916,0.33337121366189926,0.3696522432444459,0.11734358255378813
1589542962.0980306,0.15,-4.2,8.84,0.45444444444444443,0.3111111111111111,-0.6266666666666667,0.007635815477475192,-0.001090830782496456,-0.002181661564992912,4.790928796724434,0.011999138607461015,0.4385139745635753,-0.15162655821550336,-0.16030149733208976,0.6820018019587332,0.6972706496919625,0.33337121366189926,0.3696522432444459,0.11734358255378813
1589542962.1075304,0.17,-4.22,8.81,0.45444444444444443,0.3111111111111111,-0.6266666666666667,0.006544984694978735,-0.001090830782496456,-0.0032724923474893677,4.790928796724434,0.011999138607461015,0.4385139745635753,-0.15160384734090002,-0.16026895498638902,0.6819944910679544,0.6972902191282836,0.33337121366189926,0.316711414149526,0.11734358255378813
1589542962.1180167,0.16,-4.21,8.74,0.45444444444444443,0.3111111111111111,-0.6266666666666667,0.007635815477475192,0.002181661564992912,-0.0032724923474893677,4.790928796724434,0.011999138607461015,0.4385139745635753,-0.1515937750908883,-0.1602568780833699,0.6819850996502482,0.6973043698670661,0.33337121366189926,0.316711414149526,0.1371068530957331
1589542962.127764,0.18,-4.2,8.79,0.45444444444444443,0.3111111111111111,-0.6266666666666667,0.0032724923474893677,0.001090830782496456,-0.0032724923474893677,4.790928796724434,0.011999138607461015,0.4385139745635753,-0.1515989015173598,-0.1602296011851021,0.6819840215151078,0.6973105781220258,0.33337121366189926,0.41713108403018173,0.1371068530957331
1589542962.1422706,0.17,-4.21,8.83,0.45444444444444443,0.3111111111111111,-0.6266666666666667,0.002181661564992912,0.0032724923474893677,0.0,4.790928796724434,0.011999138607461015,0.4385139745635753,-0.1516019312117702,-0.16022154170402106,0.6819860272848912,0.6973098096363048,0.3248417572103921,0.41713108403018173,0.13668251655446575
1589542962.1489193,0.16,-4.22,8.82,0.4722222222222222,0.3111111111111111,-0.6344444444444445,0.001090830782496456,0.002181661564992912,0.001090830782496456,4.790928796724434,0.011999138607461015,0.4385139745635753,-0.15160430135308312,-0.1601905563271621,0.6819818645898397,0.6973204843150697,0.3248417572103921,0.31468770072761004,0.13668251655446575
1589542962.1582894,0.16,-4.2,8.81,0.4722222222222222,0.3111111111111111,-0.6344444444444445,0.004363323129985824,0.00545415391248228,-0.001090830782496456,4.790928796724434,0.011999138607461015,0.4385139745635753,-0.15158694425311328,-0.16016484166355055,0.6819859146516588,0.6973262034683866,0.3248417572103921,0.31468770072761004,0.13668251655446575
1589542962.1698887,0.15,-4.22,8.71,0.4722222222222222,0.3111111111111111,-0.6344444444444445,0.00545415391248228,0.001090830782496456,0.0,4.790928796724434,0.011999138607461015,0.4385139745635753,-0.15159299451768174,-0.16017853949324745,0.6819810483804325,0.6973265011089844,0.3128869263878623,0.3227201175914994,0.13630270789356194
1589542962.178619,0.13,-4.17,8.75,0.4722222222222222,0.3111111111111111,-0.6344444444444445,-0.0032724923474893677,-0.001090830782496456,-0.001090830782496456,4.790928796724434,0.011999138607461015,0.4385139745635753,-0.15156179084296761,-0.16026999961157748,0.6819925079588188,0.6973010611414685,0.3128869263878623,0.3227201175914994,0.13630270789356194
1589542962.189822,0.04,-4.09,8.63,0.4722222222222222,0.3111111111111111,-0.6344444444444445,-0.007635815477475192,-0.016362461737446838,0.001090830782496456,4.790928796724434,0.011999138607461015,0.4385139745635753,-0.15148989819933972,-0.16042488641319433,0.6819931905698743,0.6972803988204389,0.2779605947898692,0.3642899190747107,0.1375336592135079
1589542962.2020054,0.29,-4.17,9.09,0.45444444444444443,0.3111111111111111,-0.6411111111111111,-0.009817477042468103,-0.02617993877991494,-0.0032724923474893677,4.789837965941938,0.011999138607461015,0.4385139745635753,-0.15147065294613732,-0.16048304590596402,0.6819578158810184,0.6973057942048136,0.2811853495413832,0.3187595953260988,0.13668251655446575
1589542962.2078257,0.06,-3.87,8.68,0.45444444444444443,0.3111111111111111,-0.6411111111111111,-0.009817477042468103,-0.015271630954950384,-0.01854412330243975,4.790928796724434,0.011999138607461015,0.4385139745635753,-0.15138528825292444,-0.1607586737632526,0.68173831358394,0.6974754584228643,0.2811853495413832,0.3187595953260988,0.13668251655446575
1589542962.2223115,0.2,-3.87,8.88,0.45444444444444443,0.3111111111111111,-0.6411111111111111,-0.019634954084936207,-0.02617993877991494,-0.044724062082354694,4.790928796724434,0.01308996938995747,0.4385139745635753,-0.1513787192042798,-0.16080896582890794,0.6815826483234682,0.697617411899586,0.3696522432444459,0.25231358798780756,0.1371068530957331
1589542962.22854,0.16,-3.84,8.73,0.45444444444444443,0.3111111111111111,-0.6411111111111111,-0.01090830782496456,0.002181661564992912,-0.06872233929727672,4.792019627506931,0.01308996938995747,0.4385139745635753,-0.1513098040570384,-0.16100573950973882,0.6811801930474726,0.697979970802136,0.3696522432444459,0.25231358798780756,0.1371068530957331
1589542962.2405279,0.14,-3.95,8.83,0.45444444444444443,0.3111111111111111,-0.6411111111111111,-0.016362461737446838,-0.01090830782496456,-0.09490227807719166,4.792019627506931,0.01308996938995747,0.4385139745635753,-0.15127023250727534,-0.1611587070094044,0.6808820885629848,0.6982440614758993,0.3642899190747107,0.25231358798780756,0.1371068530957331
1589542962.2476869,-0.05,-3.79,8.82,0.46555555555555556,0.31777777777777777,-0.6266666666666667,-0.02399827721492203,-0.01308996938995747,-0.11671889372712078,4.793110458289427,0.014180800172453926,0.4385139745635753,-0.15120154547067538,-0.16150933868777936,0.6802858234842758,0.6987589173171502,0.3642899190747107,0.22644579565399758,0.1371068530957331
1589542962.2588253,-0.19,-3.73,8.83,0.46555555555555556,0.31777777777777777,-0.6266666666666667,-0.038179077387375956,-0.02181661564992912,-0.14944381720201447,4.79529211985442,0.014180800172453926,0.4385139745635753,-0.1511546457552678,-0.16187132290298728,0.6797253002277239,0.6992306229839816,0.34232915890069343,0.41713108403018173,0.13588300621652982
1589542962.2676544,-0.03,-3.51,8.77,0.46555555555555556,0.31777777777777777,-0.6266666666666667,-0.053450708342326333,-0.028361600344907853,-0.17562375598192942,4.796382950636916,0.015271630954950384,0.4385139745635753,-0.15105946589012426,-0.16240311085231937,0.6787424873945727,0.7000820688718632,0.34232915890069343,0.41713108403018173,0.13426900825530252
1589542962.2809398,0.07,-3.52,8.86,0.46555555555555556,0.31777777777777777,-0.6266666666666667,-0.05017821599483697,-0.022907446432425576,-0.20507618710933373,4.79856461220191,0.016362461737446838,0.4385139745635753,-0.15109035737325166,-0.16263450070240473,0.6783088834457518,0.7004418474996194,0.34232915890069343,0.36192406818273803,0.13467942577200356
1589542962.2891529,0.06,-2.67,8.77,0.46555555555555556,0.31777777777777777,-0.6266666666666667,-0.04908738521234052,-0.004363323129985824,-0.1407171709420428,4.799655442984406,0.017453292519943295,0.4385139745635753,-0.15125437432900807,-0.16286441988737865,0.6783957209945518,0.7002689060049504,0.34232915890069343,0.36192406818273803,0.13467942577200356
1589542962.2991762,-0.06,-2.49,8.99,0.48,0.3233333333333333,-0.6488888888888888,-0.05890486225480862,-0.01854412330243975,0.03381575425739013,4.799655442984406,0.017453292519943295,0.43960480534607177,-0.15138940266083592,-0.16274273932374478,0.6790644789505169,0.6996195273054219,0.34022226900883096,0.36192406818273803,0.13467942577200356
1589542962.3074205,-0.07,-2.66,8.94,0.48,0.3233333333333333,-0.6488888888888888,-0.002181661564992912,-0.007635815477475192,0.2301652951067522,4.797473781419414,0.016362461737446838,0.43960480534607177,-0.15166601439356583,-0.1623493738187017,0.6807985600427336,0.6979637680728036,0.34022226900883096,0.3642899190747107,0.1228559813875263
1589542962.3194196,-0.07,-2.85,8.68,0.48,0.3233333333333333,-0.6488888888888888,0.015271630954950384,-0.011999138607461015,0.40687988187117813,4.793110458289427,0.014180800172453926,0.43960480534607177,-0.15198485314556207,-0.16208717368088268,0.6825168766443321,0.6962751364497592,0.34022226900883096,0.3015432709413334,0.12489762636131138
1589542962.3283484,-0.11,-2.91,8.87,0.48,0.3233333333333333,-0.6488888888888888,-0.006544984694978735,-0.030543261909900768,0.5465062220307244,4.787656304376945,0.011999138607461015,0.43960480534607177,-0.15249425302462347,-0.16156441884151695,0.6852676842004009,0.6935781443712632,0.34022226900883096,0.3015432709413334,0.12489762636131138
1589542962.3398056,-0.08,-3.01,8.89,0.48,0.3233333333333333,-0.6488888888888888,0.006544984694978735,-0.025089107997418484,0.6839509006252779,4.781111319681966,0.009817477042468103,0.43960480534607177,-0.15306083619679903,-0.16092676315406967,0.6883586072495979,0.6905341303287509,0.34232915890069343,0.41713108403018173,0.1383947648756455
1589542962.350888,0.0,-3.08,8.82,0.46555555555555556,0.31777777777777777,-0.6488888888888888,0.014180800172453926,-0.02399827721492203,0.7973973020049092,4.773475504204491,0.006544984694978735,0.43960480534607177,-0.15344909081650498,-0.16048374030852688,0.6906180370149924,0.6882914154438743,0.34953162930465587,0.41713108403018173,0.1383947648756455
1589542962.358319,0.07,-3.03,8.81,0.46555555555555556,0.31777777777777777,-0.6488888888888888,0.015271630954950384,-0.03599741582238304,0.8704829644321719,4.764748857944519,0.0032724923474893677,0.4374231437810788,-0.15425359876801814,-0.15961472393804163,0.6953684692469623,0.6835141982039833,0.34953162930465587,0.3248417572103921,0.13630270789356194
1589542962.3732655,0.0,-3.14,8.81,0.46555555555555556,0.31777777777777777,-0.6488888888888888,0.009817477042468103,-0.04581489286485115,0.9141161957320302,4.756022211684548,0.0,0.43524148221608594,-0.1546137240731545,-0.15926649734585197,0.6973814542702701,0.6814601135732725,0.34232915890069343,0.3642899190747107,0.12489762636131138
1589542962.3793745,0.01,-3.21,8.87,0.46555555555555556,0.31777777777777777,-0.6488888888888888,0.0,-0.04908738521234052,0.9544769346843989,4.746204734642079,-0.002181661564992912,0.43305982065109305,-0.15534439375781098,-0.1585414304896214,0.7014937318411372,0.6772291180493628,0.34232915890069343,0.3642899190747107,0.12489762636131138
1589542962.3915734,0.04,-3.2,8.91,0.46555555555555556,0.31777777777777777,-0.6488888888888888,0.001090830782496456,-0.05017821599483697,0.9806568734643138,4.737478088382108,-0.00545415391248228,0.4319689898685966,-0.1557623821841544,-0.15811149776193942,0.7038862048484333,0.6747466526007102,0.3642899190747107,0.3642899190747107,0.12489762636131138
1589542962.3986301,0.0,-3.22,8.91,0.4722222222222222,0.3233333333333333,-0.6411111111111111,0.0032724923474893677,-0.05126904677733343,0.990474350506782,4.72766061133964,-0.008726646259971648,0.42978732830360367,-0.1563743027935804,-0.15745965301150258,0.7073976704319096,0.6710753094599936,0.3642899190747107,0.2909449891581246,0.1375336592135079
1589542962.408875,-0.01,-3.17,8.83,0.4722222222222222,0.3233333333333333,-0.6411111111111111,0.00545415391248228,-0.05017821599483697,1.0057459814617322,4.717843134297172,-0.011999138607461015,0.42869649752110717,-0.1570043463381087,-0.15679630990963256,0.7109714744780637,0.6672961223536023,0.34022226900883096,0.2909449891581246,0.1375336592135079
1589542962.4191413,-0.03,-3.24,8.74,0.4722222222222222,0.3233333333333333,-0.6411111111111111,0.0032724923474893677,-0.05126904677733343,1.0275625971116615,4.708025657254704,-0.015271630954950384,0.4265148359561142,-0.15764037561609714,-0.15606535343665198,0.7145828775867205,0.6634488891332857,0.34022226900883096,0.34469892955945086,0.12741055376916818
1589542962.4294527,-0.12,-3.24,8.77,0.4722222222222222,0.3233333333333333,-0.6411111111111111,0.01090830782496456,-0.044724062082354694,1.0395617357191225,4.697117349429739,-0.019634954084936207,0.4254240051736178,-0.15835336147415718,-0.15522204576859258,0.7187492538275015,0.6589611821189908,0.3642899190747107,0.34469892955945086,0.12741055376916818
1589542962.4412127,-0.17,-3.35,8.82,0.4722222222222222,0.3233333333333333,-0.6411111111111111,0.011999138607461015,-0.04908738521234052,1.0570150282390658,4.687299872387271,-0.022907446432425576,0.42433317439112134,-0.15886443665025787,-0.1546387901880483,0.7216483215751888,0.6557992339921462,0.3642899190747107,0.33562603819066317,0.1375336592135079
1589542962.4492939,-0.23,-3.37,8.9,0.4988888888888889,0.2911111111111111,-0.6344444444444445,0.007635815477475192,-0.04908738521234052,1.0777408131064985,4.676391564562307,-0.0272707695624114,0.4232423436086249,-0.15953634944151598,-0.1538038364301738,0.7253555155592514,0.6517299357510038,0.3379095440748334,0.33562603819066317,0.1375336592135079
1589542962.4593382,-0.31,-3.38,8.93,0.4988888888888889,0.2911111111111111,-0.6344444444444445,0.017453292519943295,-0.0370882466048795,1.1159198904938745,4.6654832567373425,-0.030543261909900768,0.42215151282612845,-0.16035161038781165,-0.15281505032780218,0.7299909206224782,0.6465664523064071,0.3379095440748334,0.3642899190747107,0.14010323114733103
1589542962.4714973,-0.4,-3.48,8.86,0.4988888888888889,0.2911111111111111,-0.6344444444444445,0.011999138607461015,-0.04908738521234052,1.1595531217937327,4.654574948912377,-0.03490658503988659,0.421060682043632,-0.16085162949046491,-0.15221243426373782,0.7329517840838848,0.6432260958279133,0.2926919490491569,0.35199575785121906,0.13922219991869933
1589542962.4789195,-0.46,-3.58,8.9,0.4988888888888889,0.2911111111111111,-0.6344444444444445,0.008726646259971648,-0.062177354602297986,1.2195488148310378,4.642575810304916,-0.039269908169872414,0.4199698512611355,-0.1616884421883367,-0.15115474236517362,0.7378250007825969,0.6376702594157797,0.2926919490491569,0.35199575785121906,0.13922219991869933
1589542962.4905598,-0.57,-3.61,8.87,0.4988888888888889,0.2911111111111111,-0.6344444444444445,0.014180800172453926,-0.05781403147231216,1.2893619849108109,4.62948584091496,-0.04363323129985824,0.4199698512611355,-0.16223562119216692,-0.15046285501135237,0.7410782710416637,0.6339112940058119,0.33337121366189926,0.3723890828255631,0.14010323114733103
1589542962.4979384,-0.62,-3.62,8.91,0.5066666666666667,0.2911111111111111,-0.6411111111111111,0.011999138607461015,-0.06763150851478027,1.3668109704680593,4.616395871525002,-0.04908738521234052,0.41887902047863906,-0.16303443550070224,-0.14943493919858467,0.7458407555831088,0.6283395094205843,0.33337121366189926,0.3723890828255631,0.14010323114733103
1589542962.508818,-0.62,-3.62,8.91,0.5066666666666667,0.2911111111111111,-0.6411111111111111,0.011999138607461015,-0.06763150851478027,1.3668109704680593,4.616395871525002,-0.04908738521234052,0.41887902047863906,-0.16424271794108278,-0.14779671740121755,0.7529618605891183,0.6198619978889851,0.23303536992048876,0.3723890828255631,0.1423064300506259
1589542962.5238125,-0.57,-3.52,8.68,0.5066666666666667,0.2911111111111111,-0.6411111111111111,0.01854412330243975,-0.06654067773228381,1.499892325932627,4.588034271180094,-0.05890486225480862,0.4177881896961426,-0.16475103110721015,-0.14712060018510043,0.7559410823726114,0.6162513340607152,0.34232915890069343,0.34469892955945086,0.1427181542581953
1589542962.5299606,-0.56,-3.5,8.74,0.5066666666666667,0.2911111111111111,-0.6411111111111111,0.01308996938995747,-0.07199483164476608,1.545707218797478,4.572762640225143,-0.0643590161672909,0.4166973589136462,-0.16585959755168475,-0.14561967436134918,0.7624112828279215,0.608288204846659,0.34232915890069343,0.34469892955945086,0.1427181542581953
1589542962.5431695,-0.62,-3.45,8.81,0.5066666666666667,0.2911111111111111,-0.6411111111111111,0.01308996938995747,-0.07199483164476608,1.5773413114898753,4.557491009270193,-0.06981317007977318,0.41560652813114973,-0.16640054958611664,-0.14485110740016943,0.7655585530997774,0.604358433016499,0.2795642795680213,0.34469892955945086,0.1427181542581953
1589542962.549517,-0.63,-3.48,8.81,0.5133333333333333,0.23777777777777778,-0.6411111111111111,0.019634954084936207,-0.06763150851478027,1.6122478965297617,4.541128547532746,-0.07526732399225547,0.4134248665661568,-0.16722587247216,-0.14366566990620813,0.770613100560265,0.5979557944457268,0.2795642795680213,0.33337121366189926,0.1427181542581953
1589542962.55967,-0.61,-3.46,8.94,0.5133333333333333,0.23777777777777778,-0.6411111111111111,0.014180800172453926,-0.08290313946973066,1.6297011890497053,4.525856916577796,-0.08072147790473774,0.41233403578366035,-0.16809208207779605,-0.1423864967367935,0.7756850786592798,0.5914252245509329,0.34232915890069343,0.33337121366189926,0.14410679330355178
1589542962.569997,-0.69,-3.56,8.77,0.5133333333333333,0.23777777777777778,-0.6411111111111111,0.019634954084936207,-0.06872233929727672,1.6275195274847125,4.509494454840349,-0.08617563181722002,0.4112432050011639,-0.16921564485806034,-0.14072527047741085,0.7823096172713739,0.5827127306907298,0.34232915890069343,0.34022226900883096,0.14595021317447449
1589542962.5837116,-0.68,-3.45,8.94,0.5133333333333333,0.23777777777777778,-0.6411111111111111,0.014180800172453926,-0.07308566242726255,1.6209745427897337,4.494222823885399,-0.09272061651219875,0.409061543436171,-0.16987746921463762,-0.1396932404916764,0.7863801050905124,0.5772640421263043,0.35199575785121906,0.26040171388951255,0.1502759810238931
1589542962.5922914,-0.76,-3.46,8.87,0.5133333333333333,0.23777777777777778,-0.6411111111111111,0.016362461737446838,-0.07853981633974483,1.6089754041822726,4.477860362147952,-0.09708393964218458,0.40797071265367457,-0.17051267826736594,-0.13871024341393642,0.7902224494115972,0.5720431586585687,0.35199575785121906,0.26040171388951255,0.1502759810238931
1589542962.6005538,-0.79,-3.46,8.86,0.5333333333333333,0.20555555555555555,-0.6622222222222223,0.01308996938995747,-0.07635815477475191,1.5926129424448257,4.4625887311930015,-0.10253809355466686,0.40578905108868163,-0.17117909974571335,-0.1376634348369861,0.7943587770752168,0.566339675285686,0.35424139487837897,0.26040171388951255,0.1502759810238931
1589542962.609631,-0.92,-3.54,8.84,0.5333333333333333,0.20555555555555555,-0.6622222222222223,0.009817477042468103,-0.0818123086872342,1.5740688191423862,4.447317100238051,-0.10799224746714915,0.40469822030618513,-0.17197254862342853,-0.13640490668609834,0.7990908504379954,0.5597079208821334,0.35424139487837897,0.375164051001777,0.1522705664590292
1589542962.6202009,-0.9,-3.46,8.71,0.5333333333333333,0.20555555555555555,-0.6622222222222223,0.011999138607461015,-0.07199483164476608,1.5653421728824144,4.432045469283101,-0.11344640137963141,0.4025165587411922,-0.17271291281402779,-0.13519368722700353,0.8035902989877632,0.5532951726285151,0.34953162930465587,0.37769476929769935,0.1522705664590292
1589542962.6304324,-0.91,-3.42,8.82,0.5333333333333333,0.20555555555555555,-0.6622222222222223,0.011999138607461015,-0.074176493209759,1.5544338650574498,4.41677383832815,-0.11890055529211369,0.4003348971761993,-0.17357088638717938,-0.13378969649926004,0.8087025345942407,0.545869650237358,0.34953162930465587,0.37769476929769935,0.1292532014968994
1589542962.6423106,-1.05,-3.45,8.84,0.5333333333333333,0.20555555555555555,-0.6622222222222223,0.009817477042468103,-0.07090400086226964,1.541343895667492,4.4015022073732,-0.12326387842209952,0.39924406639370286,-0.1740355023803584,-0.1329807205865006,0.8115604393581621,0.541661725740612,0.35199575785121906,0.3805443575158459,0.14185155586391207
1589542962.6490324,-1.19,-3.54,8.9,0.5455555555555556,0.16444444444444445,-0.67,0.015271630954950384,-0.07199483164476608,1.5369805725375063,4.386230576418249,-0.1287180323345818,0.39706240482870997,-0.1748549299712459,-0.1315101896976593,0.8165266796457457,0.5342424589052523,0.35199575785121906,0.3805443575158459,0.14185155586391207
1589542962.6607678,-1.27,-3.56,8.82,0.5455555555555556,0.16444444444444445,-0.67,0.019634954084936207,-0.06654067773228381,1.5467980495799747,4.372049776245795,-0.1341721862470641,0.394880743263717,-0.17546796745815318,-0.1303786578437854,0.8203331931950408,0.5284561004637809,0.3696522432444459,0.3890400161097513,0.14185155586391207
1589542962.669715,-1.25,-3.5,8.84,0.5455555555555556,0.16444444444444445,-0.67,0.01854412330243975,-0.07199483164476608,1.5729779883598896,4.356778145290845,-0.13853550937704992,0.39269908169872414,-0.17631287146048502,-0.12877769888939705,0.8255113132585571,0.5204432219831886,0.3696522432444459,0.3890400161097513,0.2077827079105595
1589542962.681806,-1.38,-3.46,8.84,0.5455555555555556,0.16444444444444445,-0.67,0.02181661564992912,-0.06872233929727672,1.6046120810522868,4.340415683553398,-0.14398966328953217,0.39051742013373125,-0.1772818854917117,-0.1268737529653651,0.8315922993402066,0.5108115421200421,0.3696522432444459,0.3723890828255631,0.2077827079105595
1589542962.6959186,-1.36,-3.34,9.0,0.5455555555555556,0.16444444444444445,-0.67,0.020725784867432664,-0.074176493209759,1.6406094968746698,4.325144052598448,-0.14944381720201447,0.38724492778624187,-0.17769392309771662,-0.12605019401248746,0.8341803469778103,0.5066353392722789,0.34022226900883096,0.37769476929769935,0.2077827079105595
1589542962.7018287,-1.25,-3.15,8.88,0.5522222222222222,0.14,-0.6911111111111111,0.020725784867432664,-0.07635815477475191,1.6896968820870104,4.307690760078505,-0.15489797111449674,0.3850632662212489,-0.17825119514359744,-0.12494684949826293,0.8377183041515851,0.5008421299368996,0.34022226900883096,0.37769476929769935,0.29969651553482884
1589542962.7098155,-1.3,-3.21,8.96,0.5522222222222222,0.14,-0.6911111111111111,0.01308996938995747,-0.0839939702522271,1.7256942979093934,4.291328298341058,-0.16035212502697901,0.38288160465625604,-0.1790221935939833,-0.12344843164423257,0.8424271765439563,0.4929786923849304,0.34022226900883096,0.37769476929769935,0.29969651553482884
1589542962.720371,-1.49,-3.26,8.81,0.5522222222222222,0.14,-0.6911111111111111,0.009817477042468103,-0.08072147790473774,1.763873375296769,4.273875005821115,-0.16580627893946132,0.37960911230876665,-0.18009134359489476,-0.12122696492638518,0.8489629589371153,0.4818018527254337,0.34232915890069343,0.37769476929769935,0.29969651553482884
1589542962.7349322,-1.55,-3.32,8.81,0.5522222222222222,0.14,-0.6911111111111111,0.019634954084936207,-0.07635815477475191,1.8085974373791238,4.256421713301171,-0.17235126363444003,0.3763366199612773,-0.18058465701598267,-0.120176525864718,0.8520588968716047,0.4763847400404959,0.33136596019053416,0.41713108403018173,0.28598735499456934
1589542962.7417414,-1.61,-3.3,8.9,0.5522222222222222,0.14,-0.6911111111111111,0.015271630954950384,-0.08508480103472357,1.8620481457214502,4.237877589998731,-0.1778054175469223,0.3741549583962844,-0.18149372538054806,-0.11814145875625398,0.8577905801885852,0.4661522754531667,0.33136596019053416,0.41713108403018173,0.28598735499456934
1589542962.7541795,-1.65,-3.19,8.84,0.57,0.09888888888888889,-0.6977777777777778,0.02181661564992912,-0.0839939702522271,1.9176805156287697,4.219333466696291,-0.18435040224190105,0.36979163526629855,-0.18195804117500727,-0.1170863663369463,0.8607674796920972,0.46071835211360956,0.33337121366189926,0.3723890828255631,0.3642899190747107
1589542962.7605634,-1.73,-3.2,8.92,0.57,0.09888888888888889,-0.6977777777777778,0.016362461737446838,-0.0916297857297023,1.9722220547535922,4.200789343393852,-0.18980455615438332,0.3665191429188092,-0.1826777091021277,-0.11539513501754922,0.8654994996019615,0.4519108690884016,0.33337121366189926,0.3723890828255631,0.3642899190747107
1589542962.7705238,-1.6,-2.93,8.93,0.57,0.09888888888888889,-0.6977777777777778,0.014180800172453926,-0.09926560120717749,2.038762732485876,4.1800635585264185,-0.19634954084936207,0.36324665057131983,-0.1834317037080603,-0.11351796663813576,0.8701710819144041,0.4430223126717398,0.3034114163524859,0.3805443575158459,0.3642899190747107
1589542962.780206,-1.43,-2.76,9.09,0.57,0.09888888888888889,-0.6977777777777778,0.04036073895236887,-0.07853981633974483,2.1140300564781316,4.1593377736589865,-0.20289452554434081,0.358883327441334,-0.1844002542323235,-0.11102435387671501,0.8759936876796655,0.43163085875629065,0.3034114163524859,0.3805443575158459,0.2779605947898692
1589542962.7921722,-1.7,-3.02,8.91,0.57,0.09888888888888889,-0.6977777777777778,0.05126904677733343,-0.06981317007977318,2.1827523957754082,4.1386119887915545,-0.20943951023931953,0.3534291735288517,-0.18491214890878915,-0.10969018321976746,0.8794983944203066,0.42456817485917425,0.33337121366189926,0.37769476929769935,0.3593288242735007
1589542962.7993364,-1.73,-2.97,9.15,0.5633333333333334,0.05333333333333334,-0.7388888888888889,0.008726646259971648,-0.11344640137963141,2.234021442552742,4.116795373141624,-0.2159844949342983,0.3490658503988659,-0.1857285869067088,-0.10747304370269656,0.885150967377451,0.41287068415386224,0.33337121366189926,0.37769476929769935,0.3593288242735007
1589542962.8111427,-1.73,-2.97,9.15,0.5633333333333334,0.05333333333333334,-0.7388888888888889,0.008726646259971648,-0.11344640137963141,2.234021442552742,4.116795373141624,-0.2159844949342983,0.3490658503988659,-0.18644273128244657,-0.10532882345387774,0.8901174337848342,0.4022883306461485,0.2703449835453029,0.41408574428279465,0.2811853495413832
1589542962.8212235,-1.88,-2.91,8.91,0.5633333333333334,0.05333333333333334,-0.7388888888888889,0.032724923474893676,-0.10799224746714915,2.3594669825398342,4.0709804802767735,-0.22907446432425577,0.3392483733563978,-0.18726410770253832,-0.10295926276620572,0.8955722211130891,0.3902331879115108,0.2703449835453029,0.41408574428279465,0.2811853495413832
1589542962.832405,-1.91,-2.83,8.88,0.5633333333333334,0.05333333333333334,-0.7388888888888889,0.017453292519943295,-0.10799224746714915,2.406372706187182,4.048073033844348,-0.23561944901923448,0.3337942194439155,-0.18825324816761724,-0.10002030030765847,0.9021029572512818,0.3751891637550315,0.2811853495413832,0.4042283755220455,0.250989107954587
1589542962.8459866,-1.86,-2.71,9.01,0.5633333333333334,0.05333333333333334,-0.7388888888888889,0.01308996938995747,-0.1090830782496456,2.4554600913995226,4.0240747566294255,-0.24216443371421323,0.3272492347489368,-0.18871102382442298,-0.09859608975994932,0.9050177207858695,0.36825247539525935,0.30702113579835705,0.4074650127970809,0.250989107954587
1589542962.8520837,-1.79,-2.62,8.91,0.5511111111111111,-0.01888888888888889,-0.7266666666666667,0.031634092692397225,-0.09708393964218458,2.514364953654331,4.0000764794145045,-0.2498002491916884,0.3217950808364545,-0.18934389073461017,-0.09656728285025545,0.9091589246414155,0.3581252583514097,0.30702113579835705,0.4074650127970809,0.282659406116019
1589542962.8608015,-1.91,-2.65,8.79,0.5511111111111111,-0.01888888888888889,-0.7266666666666667,0.02181661564992912,-0.10581058590215622,2.5547256926067,3.974987371417085,-0.25634523388666713,0.31525009614147576,-0.18992844814114623,-0.09436364828398075,0.9136651596797943,0.3467544699878128,0.30702113579835705,0.4074650127970809,0.282659406116019
1589542962.8704507,-2.14,-2.71,9.01,0.5511111111111111,-0.01888888888888889,-0.7266666666666667,0.014180800172453926,-0.1308996938995747,2.5754514774741324,3.949898263419667,-0.26289021858164585,0.30870511144649704,-0.19028932970316279,-0.09294027998352779,0.916488674708282,0.3394121160023039,0.33136596019053416,0.2876789338815911,0.282659406116019
1589542962.876657,-2.14,-2.71,9.01,0.5511111111111111,-0.01888888888888889,-0.7266666666666667,0.014180800172453926,-0.1308996938995747,2.5754514774741324,3.949898263419667,-0.26289021858164585,0.30870511144649704,-0.19136041722280706,-0.08895430191231699,0.9236139596662135,0.32000871300841754,0.33136596019053416,0.2876789338815911,0.2498081443595784
1589542962.8925085,-2.24,-2.63,8.87,0.5511111111111111,-0.01888888888888889,-0.7266666666666667,0.030543261909900768,-0.10471975511965977,2.6572637861613666,3.898629216642333,-0.27598018797160334,0.2945243112740431,-0.19211607137326756,-0.08583324285807462,0.9289486394561368,0.3045956250394295,0.33136596019053416,0.2779605947898692,0.2192711697691173
1589542962.9048116,-2.28,-2.56,9.02,0.5488888888888889,-0.06333333333333334,-0.7555555555555555,0.025089107997418484,-0.11344640137963141,2.6998061866787286,3.8724492778624184,-0.2825251726665821,0.2868884957965679,-0.19251005680153166,-0.08408368578850069,0.931854237964618,0.2958335528669338,0.34232915890069343,0.4042283755220455,0.24231655100742916
1589542962.9116795,-2.4,-2.52,8.91,0.5488888888888889,-0.06333333333333334,-0.7555555555555555,0.019634954084936207,-0.11999138607461016,2.7358036025011114,3.845178508300007,-0.28797932657906433,0.2792526803190927,-0.1932182153937714,-0.08039978473104367,0.9377482854706628,0.2771836015208699,0.34232915890069343,0.4042283755220455,0.24231655100742916
1589542962.9260387,-2.33,-2.44,9.02,0.5488888888888889,-0.06333333333333334,-0.7555555555555555,0.015271630954950384,-0.13308135546456762,2.770710187540998,3.818998569520092,-0.2945243112740431,0.2716168648416175,-0.19361727225854747,-0.07841518795475595,0.9406670842407416,0.26741138122226893,0.34953162930465587,0.33562603819066317,0.282659406116019
1589542962.9334128,-2.24,-2.27,8.84,0.5488888888888889,-0.06333333333333334,-0.7555555555555555,0.025089107997418484,-0.11562806294462433,2.8176159111883456,3.791727799957681,-0.3010692959690219,0.26289021858164585,-0.19412342537367971,-0.07582665681305978,0.9443364579363207,0.25454875377818575,0.34953162930465587,0.33562603819066317,0.282659406116019
1589542962.943052,-2.19,-2.19,8.93,0.5488888888888889,-0.06333333333333334,-0.7555555555555555,0.01854412330243975,-0.11453723216212788,2.826342557448317,3.7633661996127734,-0.3065234498815041,0.25416357232167425,-0.1944509711702146,-0.07382445574669226,0.9471232981712674,0.24432811464472456,0.27496052092173096,0.33562603819066317,0.282659406116019
1589542962.950715,-2.27,-2.22,9.13,0.5222222222222223,-0.1288888888888889,-0.7833333333333333,0.007635815477475192,-0.12980886311707826,2.8121617572758635,3.7360954300503617,-0.31197760379398637,0.2454369260617026,-0.1950628648810904,-0.07005578245725406,0.9518413098145413,0.22592208174328926,0.27496052092173096,0.33562603819066317,0.2162394792512031
1589542962.9645894,-2.31,-2.12,8.94,0.5222222222222223,-0.1288888888888889,-0.7833333333333333,0.025089107997418484,-0.11235557059713495,2.791435972408431,3.7088246604879505,-0.3174317577064687,0.23671027980173093,-0.1953829636802031,-0.06813708496493552,0.9540886235506594,0.21655884550678164,0.34022226900883096,0.34953162930465587,0.33136596019053416
1589542962.9717035,-2.2,-1.91,8.81,0.5222222222222223,-0.1288888888888889,-0.7833333333333333,0.022907446432425576,-0.10035643198967394,2.7598018797160333,3.6826447217080354,-0.32288591161895097,0.22798363354175932,-0.19571340635948364,-0.06566503855129777,0.9569160831748789,0.20419592318279156,0.34022226900883096,0.34953162930465587,0.33136596019053416
1589542962.9812198,-2.47,-1.97,9.1,0.5222222222222223,-0.1288888888888889,-0.7833333333333333,0.011999138607461015,-0.11453723216212788,2.7139869868511823,3.6564647829281207,-0.3272492347489368,0.21925698728178766,-0.19612159262130252,-0.062488424956520267,0.9602406486665208,0.18859855328882108,0.35199575785121906,0.35199575785121906,0.33136596019053416
1589542962.99327,-2.46,-1.9,9.16,0.5222222222222223,-0.1288888888888889,-0.7833333333333333,0.01854412330243975,-0.10581058590215622,2.6976245251137354,3.630284844148205,-0.33161255787892263,0.210530341021816,-0.19658233153200472,-0.05941932820970052,0.9631473262381413,0.17370077237844653,0.35199575785121906,0.35199575785121906,0.31468770072761004
1589542963.0047364,-2.5,-1.81,9.13,0.45444444444444443,-0.22333333333333333,-0.8044444444444444,0.019634954084936207,-0.0839939702522271,2.7008970174612252,3.60410490536829,-0.3359758810089084,0.20071286397934787,-0.1966477819074841,-0.05764961764496697,0.9648277370022463,0.16466210665292869,0.34953162930465587,0.3834344053953583,0.31090853643828664
1589542963.0117474,-2.4,-1.71,9.35,0.45444444444444443,-0.22333333333333333,-0.8044444444444444,0.0032724923474893677,-0.14180800172453928,2.6670812632038348,3.5779249665883754,-0.3403392041388943,0.19198621771937624,-0.1968374952367129,-0.05511288425725022,0.9669368988799237,0.15248148753950505,0.34953162930465587,0.3834344053953583,0.31090853643828664
1589542963.0213404,-2.48,-1.61,8.83,0.45444444444444443,-0.22333333333333333,-0.8044444444444444,0.028361600344907853,-0.10799224746714915,2.6289021858164587,3.552835858590957,-0.3436116964863836,0.18216874067690814,-0.19718131969450556,-0.05154732264344991,0.9696646905218238,0.1349547651883426,0.3470995556283895,0.3920522731410346,0.31090853643828664
1589542963.0353904,-2.61,-1.61,8.97,0.45444444444444443,-0.22333333333333333,-0.8044444444444444,0.011999138607461015,-0.08944812416470939,2.574360646691636,3.527746750593538,-0.34797501961636945,0.17344209441693648,-0.19733521171068552,-0.049558124235316726,0.971036330829329,0.12526472269114505,0.34953162930465587,0.375164051001777,0.3269896237620402
1589542963.043282,-2.53,-1.41,8.83,0.45444444444444443,-0.22333333333333333,-0.8044444444444444,0.016362461737446838,-0.08944812416470939,2.5296365846092814,3.50265764259612,-0.35124751196385884,0.16471544815696484,-0.19762209790322335,-0.045988216307352205,0.9732189730824082,0.10805286120052315,0.34953162930465587,0.375164051001777,0.3269896237620402
1589542963.0575519,-2.52,-1.35,8.89,0.4177777777777778,-0.3088888888888889,-0.8044444444444444,0.01854412330243975,-0.07853981633974483,2.4816400301794372,3.4786593653811977,-0.3534291735288517,0.15598880189699318,-0.19767193900129684,-0.04443897078534147,0.9741149281835946,0.1002551200531814,0.34953162930465587,0.3805443575158459,0.34953162930465587
1589542963.0641394,-2.66,-1.35,9.26,0.4177777777777778,-0.3088888888888889,-0.8044444444444444,0.0,-0.09708393964218458,2.4270984910546143,3.4546610881662763,-0.3567016658763411,0.14726215563702155,-0.19778598037346887,-0.04258690287625693,0.9750518446721609,0.09132886658954177,0.34953162930465587,0.3805443575158459,0.34953162930465587
1589542963.0718436,-2.58,-1.15,8.57,0.4177777777777778,-0.3088888888888889,-0.8044444444444444,0.017453292519943295,-0.074176493209759,2.378011105842274,3.4317536417338506,-0.358883327441334,0.13853550937704992,-0.19798780534390953,-0.0396550306420011,0.9763112848350326,0.07774691365997644,0.34953162930465587,0.3805443575158459,0.34953162930465587
1589542963.0838208,-2.66,-1.13,9.23,0.4177777777777778,-0.3088888888888889,-0.8044444444444444,0.03381575425739013,-0.061086523819801536,2.3289237206299336,3.4099370260839215,-0.3610649890063269,0.12980886311707826,-0.19805525615826106,-0.037386154348565084,0.9771892888341929,0.0669140101834865,0.34232915890069343,0.3723890828255631,0.34953162930465587
1589542963.093588,-2.75,-1.09,9.23,0.4177777777777778,-0.3088888888888889,-0.8044444444444444,0.019634954084936207,-0.074176493209759,2.272200519940118,3.3881204104339924,-0.36324665057131983,0.12108221685710661,-0.19823430141154663,-0.03554746392218541,0.9777706190666191,0.05834514583628677,0.34022226900883096,0.3723890828255631,0.34953162930465587
1589542963.101521,-2.94,-1.01,8.71,0.35333333333333333,-0.38333333333333336,-0.7833333333333333,0.0272707695624114,-0.03490658503988659,2.2143864884678055,3.3663037947840633,-0.36542831213631277,0.11235557059713495,-0.1980817268794984,-0.03139914952263216,0.9789582044894692,0.0376637325347023,0.34022226900883096,0.3723890828255631,0.3805443575158459
,,,,,,,,,,,,,-0.1979503340374524,-0.028650077493716966,0.9794963305519302,0.024120048701624756,,,
1589542963.1218913,-2.76,-0.85,8.88,0.35333333333333333,-0.38333333333333336,-0.7833333333333333,-0.001090830782496456,-0.08617563181722002,2.072578486743266,3.324852225049198,-0.3687008044838021,0.09708393964218458,-0.1978905166619796,-0.027049466690631668,0.9797114512129458,0.016527012108395002,0.282659406116019,0.42056425696985505,0.3863657601866544
1589542963.1356995,-2.36,-0.74,8.98,0.35333333333333333,-0.38333333333333336,-0.7833333333333333,0.0032724923474893677,-0.08072147790473774,2.0016744858809967,3.3063081017467577,-0.36979163526629855,0.08944812416470939,-0.19786692505547712,-0.025548643320710274,0.9798531404326744,0.009152594046904813,0.30702113579835705,0.33337121366189926,0.3863657601866544
1589542963.14374,-2.55,-0.67,9.19,0.35333333333333333,-0.38333333333333336,-0.7833333333333333,0.017453292519943295,-0.06981317007977318,1.9296796542362304,3.2866731476618214,-0.370882466048795,0.0818123086872342,-0.197768465757386,-0.02374516634932861,0.9799611039390655,0.00018919180936629101,0.30702113579835705,0.33337121366189926,0.3834344053953583
1589542963.1520247,-2.07,-0.55,8.73,0.29444444444444445,-0.42444444444444446,-0.8044444444444444,0.0032724923474893677,-0.0545415391248228,1.8162332528565992,3.2692198551418783,-0.370882466048795,0.07526732399225547,-0.19764108599305275,-0.022274432832763234,0.9799955110785432,-0.007116813568617106,0.3696522432444459,0.4240506381044018,0.3834344053953583
1589542963.1626492,-2.17,-0.47,9.11,0.29444444444444445,-0.42444444444444446,-0.8044444444444444,-0.001090830782496456,-0.062177354602297986,1.720240143996911,3.2528573934044314,-0.3719732968312915,0.06872233929727672,-0.19756017932879258,-0.02140026490638457,0.9799901507652308,-0.01145899684317937,0.3696522432444459,0.4240506381044018,0.3723890828255631
1589542963.1719635,-2.22,-0.47,8.98,0.29444444444444445,-0.42444444444444446,-0.8044444444444444,-0.001090830782496456,-0.06544984694978735,1.5991579271398042,3.237585762449481,-0.3719732968312915,0.062177354602297986,-0.1974866186519153,-0.02049814890247603,0.9799648229022739,-0.01574189375899894,0.3696522432444459,0.22019622282487755,0.3723890828255631
1589542963.1774993,-2.22,-0.47,8.98,0.29444444444444445,-0.42444444444444446,-0.8044444444444444,-0.001090830782496456,-0.06544984694978735,1.5991579271398042,3.237585762449481,-0.3719732968312915,0.062177354602297986,-0.19741828136405068,-0.019040383134530364,0.9798717810624133,-0.022688734449698135,0.3696522432444459,0.22019622282487755,0.3642899190747107
1589542963.1834664,-2.17,-0.39,8.98,0.29444444444444445,-0.42444444444444446,-0.8044444444444444,0.011999138607461015,-0.056723200689815706,1.4660765716752369,3.2234049622770273,-0.3719732968312915,0.056723200689815706,-0.19741228037141909,-0.017996535086064552,0.9797712840914033,-0.027436237958854318,0.3696522432444459,0.22019622282487755,0.3642899190747107
1589542963.1940866,-2.66,-0.41,9.36,0.29444444444444445,-0.42444444444444446,-0.8044444444444444,0.009817477042468103,-0.04036073895236887,1.3362677085581585,3.2103149928870702,-0.37306412761378793,0.05126904677733343,-0.19733646955497078,-0.016652777848334036,0.9796076947229883,-0.03390821748524063,0.34232915890069343,0.29445862267704453,0.34232915890069343
1589542963.2021,-2.58,-0.28,8.83,0.18777777777777777,-0.4477777777777778,-0.7955555555555556,0.020725784867432664,-0.025089107997418484,1.213003830136059,3.1983158542796084,-0.37306412761378793,0.04690572364734761,-0.19718313473691146,-0.015226669255473788,0.9793966828333678,-0.040854590607483296,0.34232915890069343,0.29445862267704453,0.34232915890069343
1589542963.214051,-2.74,-0.28,9.09,0.18777777777777777,-0.4477777777777778,-0.7955555555555556,0.00545415391248228,-0.032724923474893676,1.1061024134514064,3.1874075464546445,-0.37306412761378793,0.042542400517361786,-0.1971287972912712,-0.014635894586906655,0.9792924440502178,-0.043730274345003275,0.34232915890069343,0.39510843012815433,0.3248417572103921
1589542963.2283375,-2.31,-0.13,8.51,0.18777777777777777,-0.4477777777777778,-0.7955555555555556,0.002181661564992912,-0.038179077387375956,0.9926560120717749,3.178680900194673,-0.37306412761378793,0.039269908169872414,-0.19586670231246112,-0.01408212037972746,0.9793845609964809,-0.04736887683472346,0.35199575785121906,0.41075044065421673,0.26040171388951255
1589542963.2351696,-2.49,-0.24,9.43,0.18777777777777777,-0.4477777777777778,-0.7955555555555556,0.002181661564992912,-0.02945243112740431,0.8595746566072073,3.1699542539347014,-0.37306412761378793,0.03599741582238304,-0.1959329681274144,-0.013631665739094705,0.9792724735387078,-0.049496184290709996,0.35199575785121906,0.41075044065421673,0.26040171388951255
1589542963.245483,-2.59,-0.19,9.16,0.18777777777777777,-0.4477777777777778,-0.7955555555555556,-0.017453292519943295,-0.04799655442984406,0.7243116395776468,3.163409269239722,-0.37306412761378793,0.032724923474893676,-0.19548796375392397,-0.01283916187205426,0.9791685026809076,-0.05337279557412228,0.34953162930465587,0.41075044065421673,0.26040171388951255
1589542963.2524288,-2.55,-0.15,9.48,0.15777777777777777,-0.45666666666666667,-0.6977777777777778,0.007635815477475192,0.014180800172453926,0.6272276999354622,3.156864284544744,-0.370882466048795,0.030543261909900768,-0.19542767801192235,-0.012548083663462304,0.9791173515992428,-0.0545873617289562,0.34953162930465587,0.34022226900883096,0.23303536992048876
1589542963.2674599,-2.58,-0.09,9.13,0.15777777777777777,-0.45666666666666667,-0.6977777777777778,-0.001090830782496456,-0.05999569303730508,0.5257804371632917,3.1514101306322613,-0.370882466048795,0.028361600344907853,-0.19531489005307753,-0.012370473982848313,0.9790621571253334,-0.05600319260616245,0.35199575785121906,0.39510843012815433,0.3470995556283895
1589542963.2735622,-2.26,-0.02,8.66,0.15777777777777777,-0.45666666666666667,-0.6977777777777778,0.014180800172453926,-0.022907446432425576,0.409061543436171,3.1481376382847723,-0.36979163526629855,0.02617993877991494,-0.195284481294245,-0.01222811426921836,0.9790162832046007,-0.056934715308902664,0.35199575785121906,0.39510843012815433,0.3470995556283895
1589542963.2840426,-2.81,-0.1,9.3,0.15777777777777777,-0.45666666666666667,-0.6977777777777778,-0.020725784867432664,-0.019634954084936207,0.2716168648416175,3.1448651459372825,-0.36979163526629855,0.02617993877991494,-0.19522244570184455,-0.012142409514975498,0.9790010874467301,-0.05742498901594068,0.3696522432444459,0.39510843012815433,0.3470995556283895
1589542963.2954895,-2.84,-0.08,9.28,0.15777777777777777,-0.45666666666666667,-0.6977777777777778,-0.007635815477475192,-0.002181661564992912,0.16471544815696484,3.1437743151547863,-0.36760997370130566,0.025089107997418484,-0.19526857999476574,-0.012113174784480318,0.9789909361504562,-0.05744736372299234,0.3696522432444459,0.316711414149526,0.2811853495413832
1589542963.3068519,-2.9,0.08,9.22,0.17,-0.45444444444444443,-0.6911111111111111,-0.0032724923474893677,-0.007635815477475192,0.08726646259971647,3.1426834843722897,-0.3665191429188092,0.02399827721492203,-0.19505051896458162,-0.012555108510887893,0.979110008836116,-0.05604689910127147,0.34469892955945086,0.36695276956707285,0.3291641949951565
1589542963.313437,-1.8,0.93,8.5,0.17,-0.45444444444444443,-0.6911111111111111,0.00545415391248228,0.01854412330243975,0.007635815477475192,3.1426834843722897,-0.3665191429188092,0.02399827721492203,-0.19488159874642913,-0.012904495079814164,0.979201847782997,-0.05493976497160449,0.34469892955945086,0.36695276956707285,0.3291641949951565
1589542963.322648,-2.56,0.01,9.34,0.17,-0.45444444444444443,-0.6911111111111111,-0.0370882466048795,-0.0370882466048795,-0.31852258848896514,3.145955976719779,-0.3665191429188092,0.025089107997418484,-0.19494491830060426,-0.01327440719269949,0.9792780192973102,-0.053243120340473446,0.3863657601866544,0.36695276956707285,0.3291641949951565
1589542963.3299289,-2.56,0.01,9.34,0.17,-0.45444444444444443,-0.6911111111111111,-0.0370882466048795,-0.0370882466048795,-0.31852258848896514,3.145955976719779,-0.3665191429188092,0.025089107997418484,-0.1952986483588283,-0.013964373065614134,0.9794168965908667,-0.04905075846931051,0.3863657601866544,0.2893893153577334,0.2926919490491569
1589542963.3362346,-2.22,-0.05,8.42,0.17,-0.45444444444444443,-0.6911111111111111,-0.008726646259971648,0.028361600344907853,-0.5508695451607102,3.1514101306322613,-0.3665191429188092,0.0272707695624114,-0.1953483619123413,-0.015380719448618265,0.979695874202856,-0.04240807750074964,0.3863657601866544,0.2893893153577334,0.2926919490491569
1589542963.3475244,-2.21,0.01,9.07,0.17,-0.45444444444444443,-0.6911111111111111,0.028361600344907853,0.07308566242726255,-0.7515824091400581,3.1579551153272396,-0.3665191429188092,0.030543261909900768,-0.19529026648632972,-0.016615260395325567,0.9798888949530716,-0.03746196051119047,0.33136596019053416,0.37769476929769935,0.3379095440748334
1589542963.3605301,-1.46,0.32,8.82,0.21777777777777776,-0.44222222222222224,-0.6844444444444444,-0.01308996938995747,0.02399827721492203,-1.0450158896316046,3.1677725923697078,-0.3665191429188092,0.03381575425739013,-0.19546575582668807,-0.018163151431316624,0.9800837792658714,-0.0299837264046919,0.2978707932085081,0.3642899190747107,0.2962453376934545
1589542963.3671849,-1.66,-0.33,9.24,0.21777777777777776,-0.44222222222222224,-0.6844444444444444,-0.07308566242726255,0.009817477042468103,-1.5315264186250241,3.1830442233246585,-0.3665191429188092,0.04036073895236887,-0.19595518494362787,-0.020968986359786675,0.9802589324866504,-0.015946547741888542,0.2978707932085081,0.3642899190747107,0.2962453376934545
1589542963.3747065,-1.84,-0.26,8.81,0.21777777777777776,-0.44222222222222224,-0.6844444444444444,-0.01308996938995747,0.0839939702522271,-2.0300360862259046,3.2026791774095944,-0.3665191429188092,0.04799655442984406,-0.1962269986851553,-0.024993986361339253,0.9802357009942234,0.002869865702229576,0.2978707932085081,0.3642899190747107,0.2962453376934545
1589542963.3866973,-1.48,-0.26,8.68,0.21777777777777776,-0.44222222222222224,-0.6844444444444444,0.0,0.1308996938995747,-2.3856469213197493,3.22558662384202,-0.3665191429188092,0.056723200689815706,-0.1962633422563923,-0.0271950979358619,0.9800870558950358,0.013057181993469502,0.33337121366189926,0.3642899190747107,0.3379095440748334
1589542963.4003994,-1.15,0.32,8.9,0.21777777777777776,-0.44222222222222224,-0.6844444444444444,-0.039269908169872414,0.10581058590215622,-2.8067076033633813,3.2528573934044314,-0.36542831213631277,0.06763150851478027,-0.19654142968207103,-0.031184175387514446,0.9794587459838293,0.032551168023789476,0.2909449891581246,0.3642899190747107,0.3379095440748334
1589542963.406607,-2.13,-1.28,9.14,0.27666666666666667,-0.4222222222222222,-0.67,-0.053450708342326333,0.10035643198967394,-3.356486317741595,3.2855823168793257,-0.3643374813538163,0.08072147790473774,-0.19671780589808352,-0.03395618508259336,0.9787838879075969,0.046164738814049006,0.2909449891581246,0.3642899190747107,0.3696522432444459
1589542963.416788,-2.08,-1.29,8.88,0.27666666666666667,-0.4222222222222222,-0.67,-0.02399827721492203,0.1712604328519436,-3.907355862902305,3.3226705634842046,-0.3621558197888234,0.09490227807719166,-0.1967957054626366,-0.04056723729162069,0.976498767347378,0.07794810414012601,0.33337121366189926,0.5870893063235557,0.3696522432444459
1589542963.423368,-2.27,-1.56,8.79,0.27666666666666667,-0.4222222222222222,-0.67,-0.022907446432425576,0.19416787928436915,-4.223696789826278,3.36412213321907,-0.35997415822383044,0.1112647398146385,-0.19688239611661112,-0.04422620124832377,0.9747221117813251,0.09590709059855056,0.33337121366189926,0.5870893063235557,0.33337121366189926
1589542963.4379632,-2.61,-1.8,8.54,0.27666666666666667,-0.4222222222222222,-0.67,-0.04690572364734761,0.17671458676442586,-4.456043746498022,3.4077553645189282,-0.3567016658763411,0.12762720155208535,-0.19671647961053143,-0.048895713235479525,0.9720418591726077,0.11851776193083215,0.23303536992048876,0.5689130202313228,0.34022226900883096
1589542963.4461524,-2.59,-2.0,8.98,0.27666666666666667,-0.4222222222222222,-0.67,-0.032724923474893676,0.21380283336930533,-4.4920411623204055,3.4502977650362903,-0.3523383427463553,0.14398966328953217,-0.1965822931223539,-0.05236421605160377,0.9696896838025646,0.1353340608824692,0.23303536992048876,0.5689130202313228,0.34022226900883096
1589542963.4564257,-3.1,-2.24,9.34,0.3411111111111111,-0.37666666666666665,-0.67,-0.04363323129985824,0.1778054175469223,-4.52149359344781,3.495021827118645,-0.34797501961636945,0.16035212502697901,-0.19659969474234731,-0.0575439912626306,0.965242262842841,0.16231026806340432,0.34232915890069343,0.16421783953901528,0.34022226900883096
1589542963.4640975,-3.4,-2.37,9.44,0.3411111111111111,-0.37666666666666665,-0.67,-0.04581489286485115,0.19307704850187268,-4.513857777970334,3.5386550584185033,-0.3425208657038872,0.17671458676442586,-0.19620348825511985,-0.06076216291354483,0.9624426765133922,0.177528153204862,0.34232915890069343,0.16421783953901528,0.33562603819066317
1589542963.476662,-2.86,-2.44,9.26,0.3411111111111111,-0.37666666666666665,-0.67,0.0,0.2552544031041707,-4.422227992240632,3.5811974589358644,-0.33706671179140485,0.19198621771937624,-0.19563977686308145,-0.06590815798363127,0.9572741768022132,0.20250269837168566,0.3015432709413334,0.1596866833461859,0.3379095440748334
1589542963.4838572,-2.57,-2.51,9.21,0.3411111111111111,-0.37666666666666665,-0.67,-0.061086523819801536,0.14398966328953217,-4.391684730330732,3.623739859453227,-0.3294308963139297,0.20616701789183017,-0.1952129673949227,-0.06903501843612539,0.9537849702732675,0.21776201246134466,0.3015432709413334,0.1596866833461859,0.3379095440748334
1589542963.4958744,-2.35,-2.48,8.62,0.3411111111111111,-0.37666666666666665,-0.67,-0.04908738521234052,0.1778054175469223,-4.3273257141634405,3.666282259970588,-0.32288591161895097,0.22143864884678055,-0.1945059632859118,-0.07352960664027931,0.9482954880802332,0.239784266540192,0.34232915890069343,0.1648161776447258,0.3379095440748334
1589542963.5033026,-2.24,-2.73,8.91,0.46,-0.30333333333333334,-0.6766666666666666,-0.04363323129985824,0.17344209441693648,-4.295691621471043,3.707733829705454,-0.3141592653589793,0.23561944901923448,-0.1938979481193486,-0.07770211153572774,0.9424752705459238,0.2609718988461855,0.34232915890069343,0.1648161776447258,0.3379095440748334
1589542963.5140707,-2.24,-2.73,8.91,0.46,-0.30333333333333334,-0.6766666666666666,-0.04363323129985824,0.17344209441693648,-4.295691621471043,3.707733829705454,-0.3141592653589793,0.23561944901923448,-0.19286190048798538,-0.08264367001894271,0.9352946985941746,0.2849528696602214,0.2779605947898692,0.12020682907049335,0.3291641949951565
1589542963.5245626,-2.66,-3.15,8.92,0.46,-0.30333333333333334,-0.6766666666666666,-0.0272707695624114,0.21162117180431245,-4.25969420564866,3.7906369691751847,-0.29779680362153244,0.2617993877991494,-0.19196488814405444,-0.0865007100073038,0.9291521407015007,0.30388058233110476,0.2779605947898692,0.12020682907049335,0.3291641949951565
1589542963.53681,-2.38,-3.03,8.67,0.46,-0.30333333333333334,-0.6766666666666666,-0.05235987755982988,0.16035212502697901,-4.166973589136462,3.8309977081275535,-0.28907015736156083,0.27379852640661045,-0.1909785928932987,-0.0907103839509863,0.9214980876645389,0.325791463563056,0.2876789338815911,0.1423064300506259,0.3187595953260988
1589542963.5466692,-2.58,-3.32,9.15,0.46,-0.30333333333333334,-0.6766666666666666,-0.04581489286485115,0.1636246173744684,-4.1124320500116385,3.871358447079922,-0.2792526803190927,0.28579766501407144,-0.18972293568271997,-0.09526990801187561,0.912932967681124,0.3485430372626533,0.2876789338815911,0.1423064300506259,0.3187595953260988
1589542963.5583634,-2.28,-3.19,8.73,0.5111111111111111,-0.2111111111111111,-0.6766666666666666,-0.016362461737446838,0.19962203319685143,-4.0328014028893975,3.910628355249795,-0.2694352032766246,0.296705972839036,-0.18901265604647338,-0.09762014961778112,0.908294427234342,0.3602023815827686,0.27496052092173096,0.1934096543416117,0.28598735499456934
1589542963.5707994,-2.47,-3.41,9.09,0.5111111111111111,-0.2111111111111111,-0.6766666666666666,-0.04036073895236887,0.16907877128695067,-3.979350694547071,3.9488074326371705,-0.2596177262341565,0.3065234498815041,-0.1876740121064565,-0.10172347975207818,0.8993555496847563,0.38156309320769505,0.29969651553482884,0.18576803862678404,0.34953162930465587
1589542963.5773056,-1.57,-2.98,8.89,0.5111111111111111,-0.2111111111111111,-0.6766666666666666,-0.04145156973486533,0.16035212502697901,-3.9269908169872414,3.986986510024547,-0.2498002491916884,0.3174317577064687,-0.18683449909762895,-0.10424245431010216,0.8937424685469003,0.3942724699773459,0.29969651553482884,0.18576803862678404,0.34953162930465587
1589542963.589441,-1.76,-3.18,9.07,0.5111111111111111,-0.2111111111111111,-0.6766666666666666,-0.017453292519943295,0.1778054175469223,-3.877903431774901,4.025165587411922,-0.23889194136672384,0.32615840396644036,-0.18606302245971099,-0.10647574624199613,0.8886035731154592,0.4054961861495195,0.34022226900883096,0.1828820421604963,0.31468770072761004
1589542963.5967784,-1.95,-3.29,8.54,0.5111111111111111,-0.2111111111111111,-0.6766666666666666,-0.038179077387375956,0.1712604328519436,-3.851723492994986,4.062253834016802,-0.22907446432425577,0.33488505022641196,-0.18470225126891432,-0.11015733940643108,0.8792609185601914,0.425030206036912,0.34022226900883096,0.1828820421604963,0.31468770072761004
1589542963.6034276,-2.1,-3.54,9.37,0.5844444444444444,-0.17333333333333334,-0.6622222222222223,-0.04145156973486533,0.1679879405044542,-3.7764561690027305,4.099342080621681,-0.2181661564992912,0.3436116964863836,-0.18298994310118966,-0.11429781395457292,0.8689512772730661,0.44539237552357847,0.34022226900883096,0.1828820421604963,0.31468770072761004
1589542963.6154456,-2.11,-3.68,8.54,0.5844444444444444,-0.17333333333333334,-0.6622222222222223,-0.017453292519943295,0.1854412330243975,-3.6575556137106164,4.135339496444065,-0.2083486794568231,0.35124751196385884,-0.18233077272903747,-0.11588612755100325,0.864369836120725,0.45408224052686297,0.3863657601866544,0.17874196928420766,0.24108828042763367
1589542963.6285975,-2.15,-3.83,9.19,0.5844444444444444,-0.17333333333333334,-0.6622222222222223,-0.04690572364734761,0.13308135546456762,-3.5342917352885173,4.169155250701455,-0.1974403716318585,0.35779249665883756,-0.18073044936834248,-0.11942648556801293,0.853479548294142,0.47396885958849444,0.3291641949951565,0.32083268013065175,0.3227201175914994
1589542963.634508,-2.19,-3.98,9.15,0.5844444444444444,-0.17333333333333334,-0.6622222222222223,-0.008726646259971648,0.18653206380689397,-3.3695762871315527,4.202971004958845,-0.18762289458939044,0.3643374813538163,-0.17995701074791753,-0.12100641414339677,0.849438405705538,0.48106893157973135,0.3291641949951565,0.32083268013065175,0.3227201175914994
1589542963.6488652,-1.99,-3.9,8.52,0.5844444444444444,-0.17333333333333334,-0.6622222222222223,0.0,0.1810779098944117,-3.1994066850621055,4.233514266868745,-0.1778054175469223,0.36979163526629855,-0.17859425906281484,-0.12377490687923919,0.8410060220213178,0.4954722333095148,0.34953162930465587,0.26311038413585025,0.250989107954587
1589542963.6543624,-1.77,-3.95,9.53,0.6877777777777778,-0.24888888888888888,-0.6266666666666667,-0.06654067773228381,0.061086523819801536,-3.0390545600351264,4.26296669799615,-0.1679879405044542,0.3752457891787809,-0.17772445017972638,-0.12545728091386762,0.8357221987629279,0.5042250459555438,0.34953162930465587,0.26311038413585025,0.250989107954587
1589542963.6664116,-1.92,-4.09,8.95,0.6877777777777778,-0.24888888888888888,-0.6266666666666667,-0.022907446432425576,0.12762720155208535,-2.8143434188408563,4.290237467558562,-0.15817046346198613,0.37960911230876665,-0.176579204828528,-0.12764961410228962,0.8288518778770041,0.5152959586309845,0.33337121366189926,0.3567681567603077,0.32083268013065175
1589542963.6745436,-1.86,-4.12,8.53,0.6877777777777778,-0.24888888888888888,-0.6266666666666667,-0.019634954084936207,0.11344640137963141,-2.5547256926067,4.3153265755559795,-0.15053464798451094,0.3839724354387525,-0.17557197752696435,-0.12944733646100848,0.8226056574826277,0.5251074176470902,0.33337121366189926,0.3567681567603077,0.32083268013065175
1589542963.6860409,-1.65,-4.12,8.95,0.6877777777777778,-0.24888888888888888,-0.6266666666666667,-0.0272707695624114,0.09490227807719166,-2.3049254434150113,4.338234021988406,-0.14289883250703572,0.38724492778624187,-0.1746082928645833,-0.13114826222233725,0.8165638354776119,0.53435529375975,0.34232915890069343,0.3128869263878623,0.2498081443595784
1589542963.6973832,-1.62,-4.14,8.81,0.6877777777777778,-0.24888888888888888,-0.6266666666666667,-0.007635815477475192,0.10471975511965977,-2.0802143022207416,4.358959806855838,-0.13635384781205698,0.3894265893512348,-0.173785001449508,-0.13257664547361458,0.8118797704425675,0.5413625815405807,0.34232915890069343,0.3128869263878623,0.2498081443595784
1589542963.7092912,-1.57,-4.15,8.88,1.2666666666666666,-0.56,-0.09,-0.009817477042468103,0.09599310885968812,-1.8816830998063867,4.376413099375781,-0.12980886311707826,0.3916082509162277,-0.17330045987635348,-0.13337344719821945,0.8091570967504762,0.5453835961664493,0.33337121366189926,0.3470995556283895,0.36695276956707285
1589542963.7193074,-1.41,-4.12,8.64,1.2666666666666666,-0.56,-0.09,-0.02399827721492203,0.05999569303730508,-1.7136951593019323,4.393866391895724,-0.12435470920459597,0.3937899124812206,-0.17231659768198268,-0.1349043810624953,0.8031967270638349,0.5540602997575215,0.33562603819066317,0.31468770072761004,0.36695276956707285
1589542963.7255814,-1.25,-4.11,8.95,1.2666666666666666,-0.56,-0.09,-0.015271630954950384,0.05781403147231216,-1.5751596499248823,4.409138022850675,-0.11890055529211369,0.39597157404621347,-0.17185709588366965,-0.13567475623477457,0.8006533595129913,0.5576842269740344,0.33562603819066317,0.31468770072761004,0.2718673071164087
1589542963.740233,-1.18,-4.1,8.47,1.2666666666666666,-0.56,-0.09,0.0,0.07635815477475191,-1.4562590946327687,4.423318823023129,-0.11453723216212788,0.3981532356112064,-0.17144312882080487,-0.13630330969684798,0.7979190407455481,0.5615637682058223,0.2718673071164087,0.3593288242735007,0.3696522432444459
1589542963.746903,-1.26,-4.2,9.1,1.2666666666666666,-0.56,-0.09,-0.025089107997418484,0.039269908169872414,-1.353721001078102,4.436408792413086,-0.1090830782496456,0.39924406639370286,-0.17079273621376806,-0.13730961635192318,0.7944469083027113,0.5664185911516019,0.2718673071164087,0.3593288242735007,0.3696522432444459
1589542963.7548022,-1.2,-4.19,8.52,1.0466666666666666,0.11888888888888889,-0.6266666666666667,0.00545415391248228,0.07963064712224129,-1.2140946609185554,4.448407931020547,-0.10581058590215622,0.4003348971761993,-0.17024079653268331,-0.13810307275808495,0.7916493244149599,0.5702955020373475,0.2718673071164087,0.3593288242735007,0.3696522432444459
1589542963.7661054,-1.21,-4.27,8.91,1.0466666666666666,0.11888888888888889,-0.6266666666666667,-0.014180800172453926,0.030543261909900768,-1.076649982324002,4.458225408063015,-0.10144726277217041,0.40142572795869574,-0.16911716597608603,-0.1387466820326872,0.7894927348402956,0.5734544132113102,0.3015432709413334,0.3920522731410346,0.23303536992048876
1589542963.7767735,-1.13,-4.23,8.94,1.0466666666666666,0.11888888888888889,-0.6266666666666667,-0.007635815477475192,0.022907446432425576,-0.9141161957320302,4.468042885105484,-0.09817477042468103,0.4025165587411922,-0.1685906380090022,-0.1395055217379971,0.787056193599058,0.5767650772174826,0.3696522432444459,0.3920522731410346,0.23303536992048876
1589542963.7868035,-1.13,-4.14,8.57,1.0466666666666666,0.11888888888888889,-0.6266666666666667,0.001090830782496456,0.02945243112740431,-0.7504915783575618,4.474587869800462,-0.09599310885968812,0.4036073895236887,-0.16843693170155402,-0.13969941177181666,0.7861650747449676,0.5779771186135434,0.3696522432444459,0.41408574428279465,0.35424139487837897
1589542963.8007321,-0.89,-3.96,8.98,1.0466666666666666,0.11888888888888889,-0.6266666666666667,-0.011999138607461015,0.004363323129985824,-0.6043202535030366,4.481132854495441,-0.09381144729469522,0.40469822030618513,-0.16815526842372794,-0.1400816164287248,0.7846697073223273,0.5799951696788112,0.34022226900883096,0.3015432709413334,0.23303536992048876
1589542963.8068774,-0.99,-4.16,8.86,0.64,0.16333333333333333,-0.6977777777777778,0.00545415391248228,0.028361600344907853,-0.495237175253391,4.485496177625427,-0.09272061651219875,0.40469822030618513,-0.16801733711261913,-0.14023379057785265,0.7840075762976553,0.5808930871663285,0.34022226900883096,0.3015432709413334,0.23303536992048876
1589542963.8194573,-0.9,-4.0,8.7,0.64,0.16333333333333333,-0.6977777777777778,-0.001090830782496456,0.015271630954950384,-0.40578905108868163,4.489859500755413,-0.0916297857297023,0.40578905108868163,-0.1678496650679598,-0.14041499410196623,0.7832204785091736,0.5819585908050328,0.35199575785121906,0.31090853643828664,0.36192406818273803
1589542963.8260925,-0.76,-3.62,8.61,0.64,0.16333333333333333,-0.6977777777777778,0.004363323129985824,0.01308996938995747,-0.34143003492139073,4.493131993102902,-0.08944812416470939,0.40578905108868163,-0.1676367205881146,-0.14076464909994957,0.7822714004829592,0.5832106818814795,0.35199575785121906,0.31090853643828664,0.36192406818273803
1589542963.8354626,-0.74,-3.9,8.77,0.64,0.16333333333333333,-0.6977777777777778,0.004363323129985824,0.01090830782496456,-0.2868884957965679,4.495313654667895,-0.08944812416470939,0.40578905108868163,-0.16747878543107583,-0.14097328673612072,0.7817681782146988,0.5838800428069262,0.35199575785121906,0.41713108403018173,0.36192406818273803
1589542963.8488998,-0.88,-3.98,8.97,0.64,0.16333333333333333,-0.6977777777777778,-0.011999138607461015,-0.004363323129985824,-0.24107360293171679,4.498586147015384,-0.08835729338221293,0.40687988187117813,-0.167412255086099,-0.14103551939704434,0.7817587311393983,0.5838967420723553,0.35199575785121906,0.41713108403018173,0.2162394792512031
1589542963.8604422,-1.02,-4.11,8.65,0.5466666666666666,0.19,-0.7122222222222222,-0.004363323129985824,-0.011999138607461015,-0.15162547876700738,4.499676977797881,-0.08726646259971647,0.40687988187117813,-0.16749094555787483,-0.14087595700400843,0.78230886353325,0.5831754366669165,0.34953162930465587,0.3863657601866544,0.2893893153577334
1589542963.8670242,-1.13,-3.95,8.97,0.5466666666666666,0.19,-0.7122222222222222,-0.0032724923474893677,-0.02617993877991494,-0.011999138607461015,4.499676977797881,-0.08726646259971647,0.40687988187117813,-0.16776458144000306,-0.1402519351649949,0.7842175321378243,0.5806783121353813,0.34953162930465587,0.3863657601866544,0.2893893153577334
1589542963.8767836,-1.07,-3.86,8.65,0.5466666666666666,0.19,-0.7122222222222222,0.006544984694978735,-0.008726646259971648,0.18871372537188688,4.497495316232888,-0.08835729338221293,0.40687988187117813,-0.1679713810853849,-0.13986474126829276,0.7853912083838896,0.5791235784178673,0.35199575785121906,0.3920522731410346,0.2893893153577334
1589542963.8923528,-0.91,-3.66,9.01,0.5466666666666666,0.19,-0.7122222222222222,0.022907446432425576,-0.011999138607461015,0.41233403578366035,4.493131993102902,-0.08944812416470939,0.40687988187117813,-0.1682733053480842,-0.13943883369230575,0.7872110971517902,0.5766624618326001,0.35199575785121906,0.375164051001777,0.3269896237620402
1589542963.8987358,-0.95,-3.87,8.78,0.5466666666666666,0.19,-0.7122222222222222,0.0272707695624114,-0.008726646259971648,0.6250460383704692,4.487677839190419,-0.0916297857297023,0.40578905108868163,-0.16889719100301076,-0.1384732300172571,0.7909876436798241,0.5715220476812074,0.35199575785121906,0.375164051001777,0.3269896237620402
1589542963.9058068,-0.81,-3.74,9.02,0.5344444444444445,0.20777777777777778,-0.7333333333333333,0.0,-0.04690572364734761,0.8770279491271507,4.478951192930448,-0.09490227807719166,0.40469822030618513,-0.1695535134157449,-0.13740676260209292,0.7952281536088361,0.5656705502211248,0.35199575785121906,0.375164051001777,0.3269896237620402
1589542963.9179313,-0.53,-3.73,8.82,0.5344444444444445,0.20777777777777778,-0.7333333333333333,0.009817477042468103,-0.05017821599483697,1.0679233360640303,4.468042885105484,-0.09817477042468103,0.4036073895236887,-0.1698896257882879,-0.13687292397141518,0.797487577431983,0.5625094502092365,0.3723890828255631,0.41075044065421673,0.24108828042763367
1589542963.9309545,-0.55,-3.78,8.56,0.5344444444444445,0.20777777777777778,-0.7333333333333333,0.009817477042468103,-0.061086523819801536,1.124646536753846,4.457134577280518,-0.10253809355466686,0.4025165587411922,-0.17060193281205277,-0.13571705194447822,0.8018876073846222,0.5562842146378574,0.2909449891581246,0.42056425696985505,0.3248417572103921
1589542963.9379478,-0.53,-3.52,8.89,0.5344444444444445,0.20777777777777778,-0.7333333333333333,0.002181661564992912,-0.07090400086226964,1.1235557059713497,4.446226269455555,-0.10581058590215622,0.40142572795869574,-0.17086817218417719,-0.13525916464107826,0.8034056222352302,0.5541195108240269,0.2909449891581246,0.42056425696985505,0.3248417572103921
1589542963.9522128,-0.46,-3.27,8.94,0.5344444444444445,0.20777777777777778,-0.7333333333333333,0.008726646259971648,-0.053450708342326333,1.0842857978014773,4.436408792413086,-0.11017390903214205,0.4003348971761993,-0.1714275929201662,-0.13425227084022545,0.8070475948164367,0.5488743825875325,0.35199575785121906,0.4778809308314024,0.32083268013065175
1589542963.9575539,-0.46,-3.19,8.81,0.5377777777777778,0.18666666666666668,-0.72,0.020725784867432664,-0.031634092692397225,1.0090184738092218,4.426591315370618,-0.11344640137963141,0.39924406639370286,-0.17167944193034532,-0.1338924854514073,0.8085561047062981,0.5466589403826742,0.35199575785121906,0.4778809308314024,0.32083268013065175
1589542963.9717145,-0.44,-3.05,8.77,0.5377777777777778,0.18666666666666668,-0.72,0.01308996938995747,-0.04581489286485115,0.9152070265145266,4.41677383832815,-0.11671889372712078,0.3981532356112064,-0.1716545146223792,-0.13329561624233657,0.8106833103391626,0.5436539125563876,0.29445862267704453,0.34953162930465587,0.3291641949951565
1589542963.9784784,-0.55,-3.12,8.54,0.5377777777777778,0.18666666666666668,-0.72,-0.007635815477475192,-0.04581489286485115,0.8017606251348951,4.409138022850675,-0.11890055529211369,0.39706240482870997,-0.1718318137367397,-0.132732648423782,0.8121216553086595,0.5415849783820391,0.29445862267704453,0.34953162930465587,0.3291641949951565
1589542963.9895086,-0.34,-2.87,9.18,0.5377777777777778,0.18666666666666668,-0.72,0.01308996938995747,-0.05017821599483697,0.6795875774952921,4.402593038155696,-0.12108221685710661,0.39706240482870997,-0.17207684479130753,-0.13235432903431862,0.8133685586565663,0.5397253735572227,0.29445862267704453,0.3269896237620402,0.32083268013065175
1589542963.9988794,-0.48,-3.08,8.82,0.5377777777777778,0.18666666666666668,-0.72,0.0370882466048795,-0.01090830782496456,0.5519603759432067,4.397138884243214,-0.12326387842209952,0.39597157404621347,-0.1720883719208048,-0.13217163269862714,0.8139167771820658,0.5389394507558205,0.29445862267704453,0.3269896237620402,0.32083268013065175
1589542964.009712,-0.34,-2.69,8.46,0.5344444444444445,0.14666666666666667,-0.7055555555555556,-0.0032724923474893677,-0.004363323129985824,0.4232423436086249,4.392775561113228,-0.12435470920459597,0.394880743263717,-0.17212913293134874,-0.13196973529849051,0.8144591988908221,0.5381558918228704,0.26040171388951255,0.36192406818273803,0.3269896237620402
1589542964.016285,-0.52,-3.16,9.06,0.5344444444444445,0.14666666666666667,-0.7055555555555556,0.020725784867432664,-0.02399827721492203,0.29561514205653955,4.390593899548235,-0.12544553998709243,0.394880743263717,-0.17392982853645406,-0.1308951497297257,0.8126328121311769,0.5405948456749177,0.26040171388951255,0.36192406818273803,0.3269896237620402
1589542964.0268402,-0.63,-3.4,9.09,0.5344444444444445,0.14666666666666667,-0.7055555555555556,0.01090830782496456,-0.00545415391248228,0.1854412330243975,4.388412237983243,-0.1265363707695889,0.394880743263717,-0.16857835016991302,-0.1471052411537608,0.787166021234087,0.5747269289789548,0.2105952540258207,0.36192406818273803,0.3269896237620402
1589542964.0386894,-13.18,-20.96,15.38,0.5344444444444445,0.14666666666666667,-0.7055555555555556,0.01308996938995747,0.4526947747360292,-0.42978732830360367,4.393866391895724,-0.1287180323345818,0.394880743263717,-0.16427475027442492,-0.1579461021045014,0.7705930674450188,0.5951916999236017,0.2105952540258207,0.33562603819066317,0.3187595953260988
1589542964.0515187,3.16,1.29,4.78,0.5344444444444445,0.14666666666666667,-0.7055555555555556,-1.1660981064887115,-0.7101308394051928,-7.016223593017205,4.4593162388455125,-0.09490227807719166,0.4134248665661568,-0.163161217067677,-0.16030603140231292,0.7453641652808903,0.6261889927618951,0.19586756439365977,0.36192406818273803,0.3187595953260988
1589542964.0581148,-1.63,-5.48,13.04,0.5244444444444445,0.14,-0.6911111111111111,-1.4977106643676341,-1.198823029963605,-8.51393425738484,4.5389468859677535,-0.05126904677733343,0.43305982065109305,-0.1610915781071142,-0.15691794926904526,0.7300323001542129,0.6453519205764451,0.19586756439365977,0.36192406818273803,0.3187595953260988
1589542964.069494,-0.59,-2.8,4.74,0.5244444444444445,0.14,-0.6911111111111111,-0.05563236990731925,1.1900963837036334,-6.938774607459957,4.608760056047526,-0.032724923474893676,0.4363323129985824,-0.1547256215310895,-0.15368899711767106,0.7126894163793935,0.6667184338141419,0.18881774717641794,0.33337121366189926,0.3269896237620402
1589542964.0769293,-0.34,-1.79,8.31,0.5244444444444445,0.14,-0.6911111111111111,1.1682797680537043,1.6831518973920316,-6.358452631171842,4.673119072214817,-0.02181661564992912,0.4265148359561142,-0.15233828077173636,-0.162959277320203,0.6925298047197271,0.6860319174219561,0.18881774717641794,0.33337121366189926,0.3269896237620402
1589542964.0869687,-2.43,-0.67,6.43,0.5244444444444445,0.14,-0.6911111111111111,1.4115350325504141,0.7526732399225546,-5.427973973702365,4.72766061133964,-0.007635815477475192,0.4134248665661568,-0.1516040684248914,-0.16429225365280284,0.6860818770816426,0.6923264546200977,0.21534520499234777,0.2893893153577334,0.3269896237620402
1589542964.1012087,1.25,-2.32,9.5,0.5244444444444445,0.14,-0.6911111111111111,-0.7123125009701857,-0.27270769562411395,-4.073162141841767,4.766930519509512,0.009817477042468103,0.4199698512611355,-0.1507102955394327,-0.16586500956254538,0.6783042758072189,0.6997703300675714,0.20603749302575772,0.2893893153577334,0.3248417572103921
1589542964.1065323,0.44,-2.35,12.88,0.4722222222222222,0.2677777777777778,-0.6911111111111111,-0.19416787928436915,0.2181661564992912,-3.4208453339088853,4.800746273766903,0.02181661564992912,0.42215151282612845,-0.1480239441180432,-0.16549263980389212,0.6665841483588824,0.7115944570435757,0.20603749302575772,0.23303536992048876,0.3248417572103921
1589542964.112892,0.44,-2.35,12.88,0.4722222222222222,0.2677777777777778,-0.6911111111111111,-0.19416787928436915,0.2181661564992912,-3.4208453339088853,4.800746273766903,0.02181661564992912,0.42215151282612845,-0.1467390386231681,-0.16721232737972977,0.6600345642921861,0.717538895151912,0.20603749302575772,0.23303536992048876,0.3227201175914994
1589542964.123701,0.9,-1.69,7.34,0.4722222222222222,0.2677777777777778,-0.6911111111111111,0.35779249665883756,0.40687988187117813,-3.0728703142925164,4.831289535676803,0.030543261909900768,0.4177881896961426,-0.1454191479001449,-0.16962560888596262,0.650512281428325,0.7258885561468634,0.20603749302575772,0.3015432709413334,0.3269896237620402
1589542964.1303492,0.6,-2.47,10.05,0.4722222222222222,0.2677777777777778,-0.6911111111111111,-0.1308996938995747,-0.039269908169872414,-2.734712771718615,4.857469474456718,0.04145156973486533,0.4177881896961426,-0.14433736555158663,-0.16987079309824066,0.6445807184304548,0.7313182180046394,0.20603749302575772,0.3015432709413334,0.3269896237620402
1589542964.1412394,0.38,-2.48,9.92,0.4722222222222222,0.2677777777777778,-0.6911111111111111,-0.18653206380689397,0.032724923474893676,-2.3725569519297918,4.880376920889144,0.05017821599483697,0.41887902047863906,-0.1429958059057679,-0.1707608719113947,0.6377818988845005,0.7373107713662544,0.2077827079105595,0.29969651553482884,0.27496052092173096
1589542964.1490715,0.14,-2.26,8.35,0.4722222222222222,0.2677777777777778,-0.6911111111111111,0.10253809355466686,0.23125612588924865,-2.057306855788316,4.901102705756577,0.056723200689815706,0.4166973589136462,-0.14273743260539862,-0.17157552661444297,0.634806984764001,0.7397350580410756,0.2077827079105595,0.29969651553482884,0.27496052092173096
1589542964.1599224,-0.32,-3.67,8.93,0.43,0.3622222222222222,-0.7122222222222222,0.020725784867432664,0.08944812416470939,-1.6940602052169962,4.917465167494023,0.062177354602297986,0.41560652813114973,-0.14444851393266747,-0.17012116166072686,0.6376585848331667,0.7372821348482629,0.20253976807889823,0.30702113579835705,0.33337121366189926
1589542964.167302,1.78,-28.65,10.46,0.43,0.3622222222222222,-0.7122222222222222,-0.13308135546456762,0.019634954084936207,-1.0570150282390658,4.927282644536492,0.06654067773228381,0.4166973589136462,-0.14407946119871268,-0.16965944536300787,0.6400273247157123,0.7354058777825029,0.20253976807889823,0.30702113579835705,0.33337121366189926
1589542964.181297,1.08,-0.52,6.09,0.43,0.3622222222222222,-0.7122222222222222,-0.028361600344907853,0.1908953869368798,0.5955936072430649,4.9218284906240095,0.062177354602297986,0.4166973589136462,-0.14446826111682531,-0.16949949823839644,0.642700106627899,0.7330316600033726,0.2096498673068701,0.2811853495413832,0.34953162930465587
1589542964.187983,1.6,-1.94,11.66,0.43,0.3622222222222222,-0.7122222222222222,0.2083486794568231,-0.16689710972195776,0.8813912722571364,4.9131018443640375,0.05999569303730508,0.41560652813114973,-0.14516771532508935,-0.16904148652556505,0.6445024844771484,0.7314149696056981,0.2096498673068701,0.2811853495413832,0.34953162930465587
1589542964.1993213,0.53,-2.66,8.47,0.43,0.3622222222222222,-0.7122222222222222,-0.01308996938995747,-0.074176493209759,0.6305001922829515,4.906556859669059,0.05781403147231216,0.41560652813114973,-0.1460557706453758,-0.16793666736857804,0.6490525660599309,0.727458420877331,0.20253976807889823,0.4042283755220455,0.30895340572783037
1589542964.2067635,0.1,-8.94,8.97,0.37666666666666665,0.4033333333333333,-0.6977777777777778,-0.039269908169872414,0.06763150851478027,0.6839509006252779,4.90001187497408,0.0545415391248228,0.4166973589136462,-0.1464074736457471,-0.16764828051054914,0.6529226768991655,0.7239826542765747,0.20253976807889823,0.4042283755220455,0.30895340572783037
1589542964.2182598,0.72,-2.48,7.19,0.37666666666666665,0.4033333333333333,-0.6977777777777778,0.044724062082354694,0.008726646259971648,1.076649982324002,4.890194397931612,0.05126904677733343,0.4166973589136462,-0.14727955866380762,-0.16683323963263483,0.6569983345743196,0.7202975705359865,0.2007888161675293,0.3696522432444459,0.31468770072761004
1589542964.2280571,0.45,-4.76,9.3,0.37666666666666665,0.4033333333333333,-0.6977777777777778,0.014180800172453926,-0.14508049407202864,1.0559241974565694,4.879286090106648,0.04799655442984406,0.4166973589136462,-0.14847724671727014,-0.16551911356690582,0.6640720525826541,0.7138390849693965,0.2007888161675293,0.3696522432444459,0.31468770072761004
1589542964.238085,0.62,-3.65,8.21,0.37666666666666665,0.4033333333333333,-0.6977777777777778,0.008726646259971648,-0.01090830782496456,1.1213740444063567,4.868377782281683,0.04363323129985824,0.4177881896961426,-0.1490046154080945,-0.16496245021836317,0.6671139857525561,0.7110161352728771,0.2016607393254627,0.3696522432444459,0.31468770072761004
1589542964.2545915,0.18,-4.45,9.04,0.37666666666666665,0.4033333333333333,-0.6977777777777778,0.0272707695624114,-0.04690572364734761,1.1791880758786688,4.857469474456718,0.039269908169872414,0.4177881896961426,-0.15004926128559254,-0.16405187439164445,0.6726619378940996,0.7057606669436817,0.2007888161675293,0.3567681567603077,0.33562603819066317
1589542964.2612727,0.32,-4.43,9.08,0.40444444444444444,0.39222222222222225,-0.6977777777777778,0.022907446432425576,-0.05126904677733343,1.2620912153483996,4.844379505066761,0.03490658503988659,0.4177881896961426,-0.15055670014784156,-0.16355335780845834,0.6754871924006017,0.703064742461833,0.2007888161675293,0.3567681567603077,0.33562603819066317
1589542964.2731078,0.51,-3.87,8.6,0.40444444444444444,0.39222222222222225,-0.6977777777777778,-0.001090830782496456,-0.05890486225480862,1.3111786005607402,4.8323803664593,0.030543261909900768,0.4177881896961426,-0.151761380358374,-0.1621495878433891,0.682764959017041,0.6960660926466669,0.2016607393254627,0.35424139487837897,0.2876789338815911
1589542964.278976,0.36,-4.35,8.67,0.40444444444444444,0.39222222222222225,-0.6977777777777778,0.011999138607461015,-0.05890486225480862,1.351539339513109,4.819290397069342,0.025089107997418484,0.41887902047863906,-0.15235782837775208,-0.16149767687711253,0.6862405670539156,0.6926611557066208,0.2016607393254627,0.35424139487837897,0.2876789338815911
1589542964.2936852,0.36,-4.0,8.76,0.40444444444444444,0.39222222222222225,-0.6977777777777778,0.031634092692397225,-0.05999569303730508,1.3940817400304706,4.805109596896888,0.020725784867432664,0.41887902047863906,-0.15306930323404838,-0.16077993120166945,0.6901965136839041,0.6887295366316261,0.2016607393254627,0.375164051001777,0.3470995556283895
1589542964.3005936,0.21,-4.22,8.91,0.40444444444444444,0.39222222222222225,-0.6977777777777778,0.02181661564992912,-0.06326818538479445,1.4300791558528536,4.790928796724434,0.015271630954950384,0.41887902047863906,-0.1540935697010108,-0.15976970979628724,0.6959570331427227,0.6829147967554878,0.2016607393254627,0.375164051001777,0.3470995556283895
1589542964.3082955,0.2,-4.06,8.74,0.4177777777777778,0.3688888888888889,-0.6911111111111111,0.009817477042468103,-0.06544984694978735,1.4704398948052226,4.776747996551981,0.009817477042468103,0.41887902047863906,-0.1553167010560485,-0.1585268796112276,0.702708283770986,0.6759785638120702,0.2007888161675293,0.375164051001777,0.3470995556283895
1589542964.3192835,0.07,-4.06,8.73,0.4177777777777778,0.3688888888888889,-0.6911111111111111,0.004363323129985824,-0.07526732399225547,1.5108006337575914,4.762567196379527,0.00545415391248228,0.41887902047863906,-0.15586733236640501,-0.1579030814930178,0.7059937593428771,0.6725658356807176,0.2007888161675293,0.37769476929769935,0.30702113579835705
1589542964.331925,0.31,-4.65,8.92,0.4177777777777778,0.3688888888888889,-0.6911111111111111,0.00545415391248228,-0.07090400086226964,1.5544338650574498,4.747295565424576,0.0,0.41887902047863906,-0.15639665306690922,-0.15829329120782867,0.7093383956457504,0.6688216214587979,0.19829965246048872,0.3567681567603077,0.39510843012815433
1589542964.338279,4.51,-8.51,6.6,0.4177777777777778,0.3688888888888889,-0.6911111111111111,0.017453292519943295,-0.07635815477475191,1.511891464540088,4.732023934469626,-0.004363323129985824,0.41887902047863906,-0.15640666742583736,-0.15789803247902143,0.7100504565630299,0.6681568040951396,0.19829965246048872,0.3567681567603077,0.39510843012815433
1589542964.3509753,-0.34,-1.9,10.82,0.4177777777777778,0.3688888888888889,-0.6911111111111111,-0.1090830782496456,-0.15707963267948966,0.7744898555724837,4.724388118992151,-0.006544984694978735,0.4199698512611355,-0.1564389899712924,-0.15770814644601708,0.7100086413343882,0.6682385144481118,0.17470676109466768,0.3567681567603077,0.44194471376482086
1589542964.3576937,-0.33,-3.81,9.41,0.43333333333333335,0.35,-0.7122222222222222,0.0839939702522271,0.016362461737446838,0.3010692959690219,4.721115626644662,-0.007635815477475192,0.41887902047863906,-0.15643939325320702,-0.15844965816172576,0.7098395743065514,0.6682426212202381,0.17470676109466768,0.3567681567603077,0.44194471376482086
1589542964.3680756,0.18,-4.54,9.12,0.43333333333333335,0.35,-0.7122222222222222,0.022907446432425576,0.032724923474893676,-0.009817477042468103,4.721115626644662,-0.007635815477475192,0.41887902047863906,-0.15658475344101178,-0.15817160884233641,0.7097299252655632,0.6683908963537598,0.16718914608078803,0.3982094308317678,0.44194471376482086
1589542964.378095,0.4,-4.44,8.98,0.43333333333333335,0.35,-0.7122222222222222,-0.06872233929727672,-0.09599310885968812,-0.04690572364734761,4.722206457427158,-0.006544984694978735,0.4199698512611355,-0.15649595908060707,-0.1579665633332103,0.7097545802533377,0.668434002328984,0.16718914608078803,0.3982094308317678,0.3982094308317678
1589542964.391626,-0.07,-4.29,8.5,0.43333333333333335,0.35,-0.7122222222222222,0.017453292519943295,0.04908738521234052,-0.016362461737446838,4.722206457427158,-0.007635815477475192,0.4199698512611355,-0.1564737107998847,-0.15801270894631797,0.7097583364604829,0.6684243154350447,0.1828820421604963,0.39510843012815433,0.3696522432444459
1589542964.4058301,0.0,-4.02,8.74,0.43333333333333335,0.35,-0.7122222222222222,0.028361600344907853,0.011999138607461015,0.001090830782496456,4.722206457427158,-0.007635815477475192,0.41887902047863906,-0.15655236086363672,-0.1580030419833973,0.709732120889993,0.6684360205801351,0.17148288912754864,0.282659406116019,0.33337121366189926
1589542964.4118426,0.09,-4.16,8.75,0.44555555555555554,0.3233333333333333,-0.6766666666666666,-0.006544984694978735,-0.015271630954950384,0.0,4.722206457427158,-0.007635815477475192,0.41887902047863906,-0.1565328559209984,-0.15803034437900013,0.70973007171821,0.6684363100337498,0.17148288912754864,0.282659406116019,0.33337121366189926
1589542964.4239216,0.09,-4.26,8.76,0.44555555555555554,0.3233333333333333,-0.6766666666666666,-0.007635815477475192,0.01308996938995747,-0.001090830782496456,4.722206457427158,-0.007635815477475192,0.41887902047863906,-0.15654622651558311,-0.15802851014870026,0.709720572025326,0.6684436988916554,0.20422980471978275,0.3015432709413334,0.34953162930465587
1589542964.4302144,0.17,-4.22,8.77,0.44555555555555554,0.3233333333333333,-0.6766666666666666,-0.002181661564992912,-0.008726646259971648,-0.002181661564992912,4.722206457427158,-0.007635815477475192,0.41887902047863906,-0.15650628002120043,-0.15801804559008253,0.7097208164242322,0.6684552672512479,0.20422980471978275,0.3015432709413334,0.34953162930465587
1589542964.439958,0.11,-4.29,8.73,0.44555555555555554,0.3233333333333333,-0.6766666666666666,-0.001090830782496456,0.004363323129985824,-0.001090830782496456,4.722206457427158,-0.007635815477475192,0.41887902047863906,-0.15648335595264334,-0.15800354271239747,0.7097240530267698,0.6684606258826203,0.20422980471978275,0.3015432709413334,0.34953162930465587
1589542964.451427,0.16,-4.16,8.83,0.44555555555555554,0.3233333333333333,-0.6766666666666666,0.00545415391248228,-0.001090830782496456,-0.001090830782496456,4.722206457427158,-0.006544984694978735,0.4199698512611355,-0.15648747799495188,-0.15801205485471043,0.7097206146424063,0.6684612994803638,0.17735473788829537,0.4381793078164114,0.33562603819066317
1589542964.4603994,0.09,-4.18,8.84,0.4577777777777778,0.3288888888888889,-0.6977777777777778,0.00545415391248228,0.0,0.0,4.722206457427158,-0.006544984694978735,0.4199698512611355,-0.15651299053404827,-0.15807536204618589,0.709719185533005,0.668441875853409,0.2016607393254627,0.4381793078164114,0.33562603819066317
1589542964.4695733,0.11,-4.22,8.8,0.4577777777777778,0.3288888888888889,-0.6977777777777778,-0.002181661564992912,0.001090830782496456,0.0,4.722206457427158,-0.006544984694978735,0.4199698512611355,-0.15651856504147438,-0.1580818818980048,0.7097190760618262,0.6684391449390817,0.2016607393254627,0.4457710691193347,0.29969651553482884
1589542964.4820454,0.12,-4.26,8.69,0.4577777777777778,0.3288888888888889,-0.6977777777777778,-0.009817477042468103,-0.002181661564992912,0.002181661564992912,4.722206457427158,-0.006544984694978735,0.4199698512611355,-0.15647417612094533,-0.15806421179384816,0.7097338229580444,0.6684380582422133,0.17735473788829537,0.35199575785121906,0.29969651553482884
1589542964.489627,0.11,-4.24,8.73,0.4577777777777778,0.3288888888888889,-0.6977777777777778,-0.002181661564992912,0.001090830782496456,0.001090830782496456,4.722206457427158,-0.006544984694978735,0.421060682043632,-0.15645504643750002,-0.15805022861595777,0.7097392909155639,0.6684400366595016,0.17735473788829537,0.35199575785121906,0.2962453376934545
1589542964.50231,0.14,-4.2,8.81,0.4577777777777778,0.3288888888888889,-0.6977777777777778,0.006544984694978735,-0.001090830782496456,0.002181661564992912,4.722206457427158,-0.00545415391248228,0.421060682043632,-0.15641924093991125,-0.1580531725556008,0.7097360861730199,0.6684511228898453,0.2007888161675293,0.35199575785121906,0.2962453376934545
1589542964.5091186,0.15,-4.18,8.85,0.44555555555555554,0.31555555555555553,-0.6911111111111111,0.006544984694978735,0.0,0.001090830782496456,4.722206457427158,-0.00545415391248228,0.421060682043632,-0.15642784308984103,-0.15806298125029697,0.7097352374231299,0.668447691763882,0.2007888161675293,0.3642899190747107,0.2962453376934545
1589542964.5227547,0.14,-4.24,8.82,0.44555555555555554,0.31555555555555553,-0.6911111111111111,0.0032724923474893677,-0.001090830782496456,-0.001090830782496456,4.722206457427158,-0.00545415391248228,0.42215151282612845,-0.1564284774800792,-0.15809372258728407,0.7097317003802818,0.6684440289112268,0.20422980471978275,0.33337121366189926,0.3291641949951565
1589542964.5303266,0.11,-4.24,8.69,0.44555555555555554,0.31555555555555553,-0.6911111111111111,-0.0032724923474893677,0.001090830782496456,0.001090830782496456,4.722206457427158,-0.00545415391248228,0.42215151282612845,-0.15641010514016868,-0.15808970206922782,0.7097262623803744,0.6684550527876111,0.20422980471978275,0.33337121366189926,0.3291641949951565
1589542964.5404274,0.12,-4.24,8.72,0.44555555555555554,0.31555555555555553,-0.6911111111111111,-0.004363323129985824,-0.002181661564992912,0.0,4.722206457427158,-0.004363323129985824,0.42215151282612845,-0.1563735700894008,-0.15806796599107537,0.7097350851710522,0.6684593731725055,0.2016607393254627,0.3696522432444459,0.3291641949951565
1589542964.5526662,0.14,-4.2,8.81,0.44555555555555554,0.31555555555555553,-0.6911111111111111,0.002181661564992912,0.001090830782496456,-0.001090830782496456,4.722206457427158,-0.004363323129985824,0.4232423436086249,-0.15635164512746483,-0.1580760371028655,0.7097490077547464,0.6684478106411464,0.2016607393254627,0.3696522432444459,0.3593288242735007
1589542964.5642872,0.12,-4.19,8.85,0.44,0.3288888888888889,-0.6766666666666666,0.006544984694978735,0.0,0.001090830782496456,4.722206457427158,-0.004363323129985824,0.4232423436086249,-0.15635292266573397,-0.15809302393122165,0.7097472630349277,0.6684453470348898,0.20695259594052973,0.3015432709413334,0.3248417572103921
1589542964.5757976,0.13,-4.2,8.84,0.44,0.3288888888888889,-0.6766666666666666,0.001090830782496456,-0.002181661564992912,0.0032724923474893677,4.722206457427158,-0.004363323129985824,0.4232423436086249,-0.1563750412326881,-0.15811443744010828,0.7097397133155502,0.6684431243533243,0.2016607393254627,0.3834344053953583,0.3248417572103921
1589542964.5819507,0.14,-4.22,8.72,0.44,0.3288888888888889,-0.6766666666666666,-0.004363323129985824,-0.002181661564992912,0.0,4.722206457427158,-0.004363323129985824,0.4232423436086249,-0.15626246259868581,-0.15811092444890246,0.7097586596222231,0.6684501652657237,0.2016607393254627,0.3834344053953583,0.22644579565399758
1589542964.590211,0.14,-4.22,8.75,0.44,0.3288888888888889,-0.6766666666666666,-0.007635815477475192,0.002181661564992912,0.0,4.722206457427158,-0.004363323129985824,0.4232423436086249,-0.15623716882494076,-0.15810508852814115,0.7097625408740288,0.6684533369137431,0.2016607393254627,0.3834344053953583,0.22644579565399758
1589542964.612032,0.13,-4.2,8.84,0.44,0.33555555555555555,-0.7122222222222222,0.006544984694978735,-0.0032724923474893677,0.001090830782496456,4.723297288209655,-0.0032724923474893677,0.42433317439112134,-0.15623291146138604,-0.15814232771730502,0.7097564513404384,0.668451988807782,0.1999239147672502,0.30895340572783037,0.3269896237620402
1589542964.619826,0.12,-4.21,8.81,0.44,0.33555555555555555,-0.7122222222222222,0.00545415391248228,-0.002181661564992912,0.0,4.723297288209655,-0.0032724923474893677,0.42433317439112134,-0.15624578444496887,-0.1581566979691125,0.7097522556004331,0.668450035081741,0.1999239147672502,0.37769476929769935,0.3269896237620402
1589542964.6340096,0.14,-4.21,8.7,0.44,0.33555555555555555,-0.7122222222222222,-0.0032724923474893677,-0.001090830782496456,0.0,4.723297288209655,-0.0032724923474893677,0.42433317439112134,-0.15624440806672843,-0.1581575958915909,0.7097521147950627,0.6684502938540801,0.19745465193801706,0.30895340572783037,0.33337121366189926
1589542964.6399214,0.12,-4.25,8.74,0.44,0.33555555555555555,-0.7122222222222222,-0.006544984694978735,0.001090830782496456,0.0,4.723297288209655,-0.0032724923474893677,0.4254240051736178,-0.15622164738724004,-0.158140691613577,0.7097583753892286,0.6684529655169759,0.19745465193801706,0.30895340572783037,0.33337121366189926
1589542964.6527598,0.13,-4.23,8.79,0.44,0.33555555555555555,-0.7122222222222222,0.0,0.002181661564992912,0.001090830782496456,4.723297288209655,-0.0032724923474893677,0.4254240051736178,-0.1561814171741001,-0.15813031386874854,0.7097605759237116,0.6684624848334437,0.1966163583842376,0.30895340572783037,0.33337121366189926
1589542964.6600199,0.14,-4.22,8.84,0.4577777777777778,0.31555555555555553,-0.7122222222222222,0.007635815477475192,0.0,0.001090830782496456,4.723297288209655,-0.002181661564992912,0.4254240051736178,-0.15619755452851525,-0.1581379813904933,0.7097578925331685,0.6684597495645692,0.1966163583842376,0.34953162930465587,0.33337121366189926
1589542964.6741552,0.15,-4.19,8.84,0.4577777777777778,0.31555555555555553,-0.7122222222222222,0.004363323129985824,0.0,0.0,4.723297288209655,-0.002181661564992912,0.4254240051736178,-0.15621111106964417,-0.15817120745148097,0.709762859274388,0.6684434467525081,0.1733773150206484,0.36192406818273803,0.32083268013065175
1589542964.6804266,0.13,-4.21,8.73,0.4577777777777778,0.31555555555555553,-0.7122222222222222,-0.00545415391248228,0.0032724923474893677,0.001090830782496456,4.723297288209655,-0.002181661564992912,0.4254240051736178,-0.15619447099605735,-0.15819584630662079,0.7097571234988764,0.6684475948675368,0.1733773150206484,0.36192406818273803,0.32083268013065175
1589542964.6907635,0.13,-4.22,8.73,0.4577777777777778,0.31555555555555553,-0.7122222222222222,-0.006544984694978735,-0.001090830782496456,0.0032724923474893677,4.723297288209655,-0.002181661564992912,0.4265148359561142,-0.15617199766849313,-0.15819282981638197,0.7097630966222775,0.6684472173717779,0.18361401564054855,0.36192406818273803,0.32083268013065175
1589542964.7028787,0.12,-4.23,8.78,0.4577777777777778,0.31555555555555553,-0.7122222222222222,-0.001090830782496456,-0.002181661564992912,-0.001090830782496456,4.723297288209655,-0.002181661564992912,0.4265148359561142,-0.1561404655305319,-0.15818346456460686,0.7097783065834952,0.6684406496209762,0.18361401564054855,0.3269896237620402,0.3269896237620402
1589542964.710727,0.14,-4.21,8.81,0.4722222222222222,0.33555555555555555,-0.7055555555555556,0.004363323129985824,-0.002181661564992912,0.001090830782496456,4.723297288209655,-0.002181661564992912,0.4265148359561142,-0.15612050132073252,-0.15818676466344336,0.7097697793108346,0.6684535862195105,0.2096498673068701,0.3269896237620402,0.3269896237620402
1589542964.7203293,0.13,-4.19,8.86,0.4722222222222222,0.33555555555555555,-0.7055555555555556,0.00545415391248228,-0.002181661564992912,0.0032724923474893677,4.723297288209655,-0.001090830782496456,0.4265148359561142,-0.1561135599236287,-0.15820169692591945,0.7097680076851847,0.6684535546800052,0.2096498673068701,0.3696522432444459,0.266019071416992
1589542964.7314634,0.15,-4.21,8.72,0.4722222222222222,0.33555555555555555,-0.7055555555555556,0.002181661564992912,0.0,-0.002181661564992912,4.723297288209655,-0.001090830782496456,0.4265148359561142,-0.15611504779796068,-0.158228431242536,0.7097619261204268,0.6684533369109532,0.2077827079105595,0.26311038413585025,0.266019071416992
1589542964.7412086,0.13,-4.24,8.75,0.4722222222222222,0.33555555555555555,-0.7055555555555556,-0.001090830782496456,-0.001090830782496456,0.0,4.723297288209655,-0.001090830782496456,0.4265148359561142,-0.1561065986976501,-0.15822112689365486,0.7097624431103029,0.6684564901305444,0.2077827079105595,0.26311038413585025,0.32083268013065175
1589542964.7537649,0.14,-4.23,8.77,0.4722222222222222,0.33555555555555555,-0.7055555555555556,-0.0032724923474893677,0.0,0.0,4.723297288209655,-0.001090830782496456,0.42760566673861067,-0.1560803514056982,-0.15820456482152673,0.709760616154481,0.6684684789357809,0.2007888161675293,0.2811853495413832,0.26311038413585025
1589542964.7603748,0.12,-4.22,8.82,0.44,0.3288888888888889,-0.6977777777777778,0.0032724923474893677,0.001090830782496456,0.0,4.723297288209655,-0.001090830782496456,0.42760566673861067,-0.15603281074720984,-0.15821722733207286,0.7097647802151428,0.6684721592645625,0.2007888161675293,0.2811853495413832,0.26311038413585025
1589542964.7710352,0.13,-4.19,8.78,0.44,0.3288888888888889,-0.6977777777777778,0.00545415391248228,0.001090830782496456,-0.001090830782496456,4.723297288209655,-0.001090830782496456,0.42760566673861067,-0.1560342913588988,-0.15822866084547985,0.7097631711804546,0.6684708158499045,0.2016607393254627,0.41075044065421673,0.26311038413585025
1589542964.7853165,0.12,-4.19,8.72,0.44,0.3288888888888889,-0.6977777777777778,0.0032724923474893677,-0.0032724923474893677,0.0,4.723297288209655,-0.001090830782496456,0.42760566673861067,-0.15604676437523296,-0.15826548518177103,0.7097634753754858,0.6684588637688271,0.2016607393254627,0.36192406818273803,0.2779605947898692
1589542964.7910433,0.13,-4.23,8.74,0.44,0.3288888888888889,-0.6977777777777778,-0.0032724923474893677,-0.001090830782496456,0.0,4.723297288209655,-0.001090830782496456,0.42760566673861067,-0.1560307355040125,-0.15826593147823598,0.7097728787409165,0.6684525152284455,0.2016607393254627,0.36192406818273803,0.2779605947898692
1589542964.8076978,0.13,-4.23,8.79,0.44,0.3288888888888889,-0.6977777777777778,-0.004363323129985824,0.001090830782496456,0.002181661564992912,4.723297288209655,0.0,0.42760566673861067,-0.1559938340905466,-0.1582452814560134,0.7097774105879425,0.66846120458985,0.2016607393254627,0.3227201175914994,0.2795642795680213
1589542964.813891,0.13,-4.2,8.81,0.44555555555555554,0.33555555555555555,-0.6844444444444444,0.0032724923474893677,-0.0032724923474893677,0.0032724923474893677,4.723297288209655,0.0,0.42869649752110717,-0.15598804793250093,-0.15823972602090217,0.7097708764412765,0.6684708078643523,0.2016607393254627,0.3227201175914994,0.2795642795680213
1589542964.8242953,0.15,-4.22,8.84,0.44555555555555554,0.33555555555555555,-0.6844444444444444,0.007635815477475192,0.0,0.0,4.723297288209655,0.0,0.42869649752110717,-0.15599985652958184,-0.15824907194870808,0.7097619729189177,0.6684752933268124,0.2016607393254627,0.3567681567603077,0.282659406116019
1589542964.8318524,0.14,-4.21,8.74,0.44555555555555554,0.33555555555555555,-0.6844444444444444,0.002181661564992912,0.002181661564992912,-0.002181661564992912,4.723297288209655,0.0,0.42869649752110717,-0.15599524447261337,-0.15825362917990818,0.7097638104742371,0.6684733397035434,0.2016607393254627,0.3567681567603077,0.282659406116019
1589542964.8452225,0.13,-4.23,8.77,0.44555555555555554,0.33555555555555555,-0.6844444444444444,-0.002181661564992912,0.0032724923474893677,0.0,4.723297288209655,0.0,0.42869649752110717,-0.1559936186930327,-0.1582617772375878,0.7097638942581787,0.6684717011213845,0.2007888161675293,0.3015432709413334,0.30895340572783037
1589542964.8536015,0.12,-4.24,8.79,0.44555555555555554,0.33555555555555555,-0.6844444444444444,0.0,0.0,0.001090830782496456,4.723297288209655,0.0,0.42869649752110717,-0.1559820545667208,-0.15826684513179862,0.7097649857922147,0.6684720407979297,0.2007888161675293,0.3015432709413334,0.30895340572783037
1589542964.8647015,0.14,-4.22,8.81,0.44,0.31555555555555553,-0.7055555555555556,-0.001090830782496456,0.001090830782496456,0.001090830782496456,4.723297288209655,0.0,0.42869649752110717,-0.15597215613436796,-0.15827043145535163,0.7097641187733649,0.6684744219037867,0.2016607393254627,0.3379095440748334,0.34953162930465587
1589542964.871419,0.11,-4.19,8.77,0.44,0.31555555555555553,-0.7055555555555556,0.001090830782496456,-0.002181661564992912,0.0,4.723297288209655,0.0,0.42869649752110717,-0.1559590583434355,-0.15827361294854334,0.7097633411022841,0.668477550252936,0.2016607393254627,0.3379095440748334,0.34953162930465587
1589542964.881184,0.11,-4.22,8.71,0.44,0.31555555555555553,-0.7055555555555556,0.001090830782496456,0.0,0.0,4.723297288209655,0.0,0.42978732830360367,-0.15594801223679372,-0.15830246309219362,0.7097651982903641,0.6684713239580123,0.2007888161675293,0.2779605947898692,0.34953162930465587
1589542964.8914793,0.13,-4.19,8.76,0.44,0.31555555555555553,-0.7055555555555556,0.001090830782496456,0.0,0.0,4.723297288209655,0.0,0.42978732830360367,-0.15593813351539185,-0.158306154165602,0.7097681659433744,0.6684696034094677,0.2007888161675293,0.2779605947898692,0.32083268013065175
1589542964.9038775,0.12,-4.23,8.78,0.44,0.31555555555555553,-0.7055555555555556,-0.002181661564992912,-0.002181661564992912,0.001090830782496456,4.723297288209655,0.0,0.42978732830360367,-0.1559149582618766,-0.1582950774468881,0.7097815946487466,0.6684633738239989,0.2016607393254627,0.35424139487837897,0.3470995556283895
1589542964.9113536,0.14,-4.24,8.81,0.44,0.33555555555555555,-0.6844444444444444,0.001090830782496456,-0.001090830782496456,0.001090830782496456,4.723297288209655,0.0,0.42978732830360367,-0.15586534062822008,-0.15829086015851557,0.7097916321915394,0.668465285599781,0.2016607393254627,0.35424139487837897,0.3470995556283895
1589542964.922003,0.14,-4.22,8.82,0.44,0.33555555555555555,-0.6844444444444444,0.004363323129985824,0.0,0.0032724923474893677,4.723297288209655,0.0,0.42978732830360367,-0.15585912635676652,-0.15827886502374366,0.7097869979773179,0.6684744954898788,0.1880465837723575,0.2876789338815911,0.3470995556283895
1589542964.935641,0.13,-4.2,8.75,0.44,0.33555555555555555,-0.6844444444444444,0.00545415391248228,-0.002181661564992912,0.001090830782496456,4.723297288209655,0.0,0.42978732830360367,-0.15585379634721094,-0.158283453695869,0.7097922443298381,0.6684690810646976,0.2016607393254627,0.3642899190747107,0.32083268013065175
1589542964.9417634,0.14,-4.22,8.76,0.44,0.33555555555555555,-0.6844444444444444,0.004363323129985824,0.0032724923474893677,-0.002181661564992912,4.723297288209655,0.0,0.42978732830360367,-0.15585334852381058,-0.15829334575423687,0.7097900063907224,0.6684692193898709,0.2016607393254627,0.3642899190747107,0.3696522432444459
1589542964.9539394,0.13,-4.22,8.78,0.44,0.33555555555555555,-0.6844444444444444,0.0,0.001090830782496456,0.002181661564992912,4.723297288209655,0.0,0.42978732830360367,-0.15581703505349453,-0.15831556544485284,0.7097956219173016,0.6684664602147556,0.2016607393254627,0.3642899190747107,0.3696522432444459
1589542964.9616225,0.14,-4.19,8.81,0.43333333333333335,0.3233333333333333,-0.7122222222222222,-0.002181661564992912,0.0,0.0,4.724388118992151,0.0,0.4308781590861001,-0.15581267095864526,-0.15831086224861493,0.7098000554773126,0.6684638836221724,0.17605539363637818,0.2876789338815911,0.3696522432444459
1589542964.9775321,0.12,-4.24,8.82,0.43333333333333335,0.3233333333333333,-0.7122222222222222,0.001090830782496456,-0.002181661564992912,0.001090830782496456,4.724388118992151,0.0,0.4308781590861001,-0.15581037958608968,-0.1583039860006915,0.7097955068061558,0.6684708760651611,0.2007888161675293,0.3723890828255631,0.36695276956707285
1589542964.9840374,0.13,-4.22,8.7,0.43333333333333335,0.3233333333333333,-0.7122222222222222,0.002181661564992912,0.001090830782496456,0.002181661564992912,4.724388118992151,0.0,0.4308781590861001,-0.15580358715342668,-0.15831705549449349,0.7097974069626825,0.6684673464266824,0.2007888161675293,0.3723890828255631,0.36695276956707285
1589542964.9959853,0.13,-4.22,8.78,0.43333333333333335,0.3233333333333333,-0.7122222222222222,0.001090830782496456,0.0032724923474893677,0.0,4.724388118992151,0.001090830782496456,0.4308781590861001,-0.15581162571361085,-0.15833307979279357,0.7097956172852061,0.668463577780064,0.16303326801599152,0.35424139487837897,0.3567681567603077
1589542965.0055206,0.12,-4.22,8.78,0.43333333333333335,0.3233333333333333,-0.7122222222222222,-0.001090830782496456,-0.001090830782496456,0.001090830782496456,4.724388118992151,0.001090830782496456,0.4308781590861001,-0.15580323164312676,-0.15833620588786088,0.7097959374256113,0.6684644539006489,0.16303326801599152,0.35424139487837897,0.3567681567603077
1589542965.0159755,0.12,-4.25,8.81,0.44555555555555554,0.3288888888888889,-0.6977777777777778,-0.0032724923474893677,0.001090830782496456,0.001090830782496456,4.724388118992151,0.001090830782496456,0.4308781590861001,-0.15578627704590328,-0.15835276594608375,0.7097956320137776,0.6684648069835567,0.2016607393254627,0.41075044065421673,0.3890400161097513
1589542965.0222476,0.14,-4.22,8.78,0.44555555555555554,0.3288888888888889,-0.6977777777777778,0.001090830782496456,-0.001090830782496456,0.0,4.724388118992151,0.001090830782496456,0.4308781590861001,-0.15579559951354408,-0.1583443996143002,0.7097976736290078,0.668462448304952,0.2016607393254627,0.41075044065421673,0.3890400161097513
1589542965.032727,0.13,-4.2,8.71,0.44555555555555554,0.3288888888888889,-0.6977777777777778,0.0,-0.002181661564992912,0.0,4.724388118992151,0.001090830782496456,0.4308781590861001,-0.15579049005927922,-0.1583670838254291,0.7097924591007391,0.6684638022895816,0.21534520499234777,0.266019071416992,0.3890400161097513
1589542965.0422482,0.12,-4.21,8.73,0.44555555555555554,0.3288888888888889,-0.6977777777777778,0.0,0.004363323129985824,0.002181661564992912,4.724388118992151,0.001090830782496456,0.4319689898685966,-0.15579840432003889,-0.1583759860474868,0.7097850124285945,0.6684677556820194,0.21534520499234777,0.266019071416992,0.37769476929769935
1589542965.0549912,0.14,-4.23,8.81,0.44555555555555554,0.3288888888888889,-0.6977777777777778,-0.002181661564992912,0.0,0.0,4.724388118992151,0.001090830782496456,0.4319689898685966,-0.15577790623866938,-0.15839481189030874,0.7097789213424437,0.6684745397635478,0.2016607393254627,0.41408574428279465,0.34022226900883096
1589542965.0629745,0.14,-4.21,8.81,0.4577777777777778,0.3233333333333333,-0.6911111111111111,-0.0032724923474893677,0.002181661564992912,-0.001090830782496456,4.724388118992151,0.001090830782496456,0.4319689898685966,-0.15576017078199783,-0.1583909848540171,0.7097831956162202,0.6684750409220707,0.2016607393254627,0.41408574428279465,0.34022226900883096
1589542965.0724285,0.13,-4.22,8.79,0.4577777777777778,0.3233333333333333,-0.6911111111111111,0.0,-0.0032724923474893677,-0.002181661564992912,4.724388118992151,0.001090830782496456,0.4319689898685966,-0.1557411945523759,-0.1583865421530289,0.7097875245426069,0.668475918480153,0.2105952540258207,0.34469892955945086,0.34022226900883096
1589542965.0826027,0.12,-4.23,8.73,0.4577777777777778,0.3233333333333333,-0.6911111111111111,0.0032724923474893677,0.0,0.001090830782496456,4.724388118992151,0.001090830782496456,0.4319689898685966,-0.15569807019952434,-0.1584135486313406,0.709786913982165,0.6684802130847587,0.2105952540258207,0.34469892955945086,0.2876789338815911
1589542965.092514,0.14,-4.22,8.79,0.4577777777777778,0.3233333333333333,-0.6911111111111111,0.0032724923474893677,0.0,0.001090830782496456,4.724388118992151,0.001090830782496456,0.4319689898685966,-0.15569653562893765,-0.15842366985778947,0.7097856626974741,0.6684795005466097,0.20253976807889823,0.41713108403018173,0.2876789338815911
1589542965.1096284,0.12,-4.23,8.81,0.4577777777777778,0.3233333333333333,-0.6911111111111111,0.001090830782496456,-0.002181661564992912,0.0,4.724388118992151,0.001090830782496456,0.4319689898685966,-0.15569057177969262,-0.1584411405453096,0.7097860020133286,0.6684763886537424,0.18361401564054855,0.3379095440748334,0.2795642795680213
1589542965.1158373,0.13,-4.22,8.8,0.45111111111111113,0.3233333333333333,-0.7055555555555556,-0.002181661564992912,-0.001090830782496456,0.0,4.724388118992151,0.002181661564992912,0.4319689898685966,-0.15568072801533298,-0.15843211676199767,0.7097891150583218,0.6684775145415536,0.18361401564054855,0.3379095440748334,0.2795642795680213
1589542965.1285734,0.12,-4.23,8.74,0.45111111111111113,0.3233333333333333,-0.7055555555555556,-0.001090830782496456,0.0,0.001090830782496456,4.724388118992151,0.002181661564992912,0.4319689898685966,-0.15564934459355914,-0.15842969821876668,0.7097840283127553,0.6684907967968026,0.2016607393254627,0.4042283755220455,0.3567681567603077
1589542965.1348796,0.14,-4.2,8.71,0.45111111111111113,0.3233333333333333,-0.7055555555555556,0.004363323129985824,0.001090830782496456,0.001090830782496456,4.724388118992151,0.002181661564992912,0.4319689898685966,-0.15564934459355914,-0.15842969821876668,0.7097840283127553,0.6684907967968026,0.2016607393254627,0.4042283755220455,0.3567681567603077
1589542965.1454148,0.13,-4.2,8.77,0.45111111111111113,0.3233333333333333,-0.7055555555555556,0.004363323129985824,-0.001090830782496456,-0.002181661564992912,4.724388118992151,0.002181661564992912,0.43305982065109305,,,,,0.181506221470313,0.4778809308314024,0.3567681567603077
