time,acc raw,,,,,,mag raw,,,,,,gyr raw,,,,,,orientation fusion,,,,,,quaternion fusion,,,,,,,,IR on A0,IR on A1,IR on A2
1589988763.2038903,131,254,173,255,111,3,22,1,205,254,207,253,254,255,5,0,0,0,159,11,120,254,87,0,69,3,65,242,228,253,99,62,0.1935,0.1359,0.3763
1589988763.2134356,131,254,176,255,113,3,9,1,200,254,207,253,0,0,1,0,1,0,159,11,120,254,87,0,69,3,66,242,228,253,99,62,0.218,0.1554,0.3754
1589988763.2205386,129,254,171,255,125,3,9,1,200,254,207,253,8,0,254,255,0,0,159,11,120,254,87,0,69,3,67,242,228,253,99,62,0.218,0.1554,0.3773
1589988763.2320757,133,254,175,255,114,3,9,1,200,254,207,253,14,0,253,255,254,255,160,11,120,254,86,0,69,3,68,242,229,253,99,62,0.2571,0.1584,0.3763
1589988763.243905,130,254,175,255,124,3,9,1,200,254,207,253,5,0,255,255,255,255,160,11,120,254,86,0,69,3,69,242,229,253,100,62,0.1994,0.1603,0.3763
1589988763.253308,131,254,173,255,131,3,9,1,200,254,207,253,5,0,0,0,0,0,160,11,120,254,86,0,69,3,71,242,229,253,100,62,0.1994,0.1603,0.3773
1589988763.2655432,129,254,173,255,136,3,16,1,205,254,226,253,254,255,0,0,0,0,160,11,121,254,86,0,69,3,72,242,229,253,100,62,0.2454,0.1613,0.3754
1589988763.2721944,128,254,175,255,129,3,16,1,205,254,226,253,247,255,2,0,1,0,160,11,121,254,86,0,69,3,73,242,229,253,100,62,0.2454,0.1613,0.3754
1589988763.2856655,130,254,172,255,117,3,16,1,205,254,226,253,248,255,3,0,1,0,160,11,121,254,86,0,69,3,75,242,229,253,101,62,0.1691,0.1515,0.3773
1589988763.2914968,131,254,172,255,117,3,16,1,205,254,226,253,251,255,2,0,0,0,160,11,121,254,86,0,69,3,76,242,229,253,101,62,0.1691,0.1515,0.3773
1589988763.3054569,133,254,173,255,114,3,16,1,205,254,226,253,3,0,1,0,253,255,160,11,121,254,86,0,69,3,77,242,229,253,101,62,0.2023,0.1535,0.4311
1589988763.3119287,132,254,173,255,113,3,9,1,205,254,226,253,9,0,255,255,0,0,160,11,121,254,86,0,70,3,78,242,229,253,101,62,0.2023,0.1535,0.4311
1589988763.324862,130,254,174,255,117,3,9,1,205,254,226,253,13,0,253,255,255,255,160,11,121,254,86,0,70,3,79,242,230,253,102,62,0.1681,0.2023,0.3773
1589988763.3310833,132,254,175,255,112,3,9,1,205,254,226,253,14,0,251,255,254,255,160,11,122,254,86,0,70,3,80,242,231,253,102,62,0.1681,0.2023,0.3773
1589988763.3419192,134,254,180,255,115,3,9,1,205,254,226,253,8,0,0,0,255,255,160,11,122,254,86,0,70,3,81,242,231,253,102,62,0.2151,0.2023,0.3773
1589988763.3541896,126,254,169,255,133,3,9,1,205,254,226,253,253,255,3,0,1,0,160,11,122,254,86,0,70,3,82,242,231,253,102,62,0.2151,0.1984,0.433
1589988763.3620656,133,254,178,255,131,3,46,1,194,254,232,253,3,0,250,255,0,0,160,11,122,254,86,0,70,3,83,242,231,253,103,62,0.1828,0.1984,0.433
1589988763.3720787,134,254,176,255,126,3,46,1,194,254,232,253,255,255,252,255,0,0,160,11,122,254,86,0,70,3,85,242,231,253,103,62,0.1828,0.2023,0.3754
1589988763.3813667,132,254,175,255,119,3,46,1,194,254,232,253,247,255,0,0,0,0,160,11,122,254,86,0,70,3,86,242,231,253,103,62,0.2219,0.1877,0.3754
1589988763.392233,129,254,172,255,122,3,46,1,194,254,232,253,248,255,2,0,255,255,160,11,122,254,86,0,70,3,87,242,231,253,103,62,0.2219,0.1877,0.4418
1589988763.4040213,134,254,176,255,115,3,46,1,194,254,232,253,255,255,2,0,1,0,160,11,122,254,86,0,70,3,88,242,231,253,104,62,0.1867,0.2502,0.3832
1589988763.4165852,131,254,174,255,117,3,22,1,189,254,239,253,3,0,255,255,0,0,160,11,123,254,86,0,70,3,89,242,231,253,104,62,0.2258,0.172,0.4164
1589988763.4225292,130,254,173,255,118,3,22,1,189,254,239,253,6,0,2,0,255,255,160,11,123,254,86,0,70,3,90,242,231,253,104,62,0.2258,0.172,0.4164
1589988763.4369237,130,254,175,255,109,3,22,1,189,254,239,253,8,0,2,0,0,0,160,11,123,254,86,0,71,3,90,242,231,253,104,62,0.1828,0.1515,0.3685
1589988763.4437966,133,254,174,255,121,3,22,1,189,254,239,253,5,0,254,255,2,0,160,11,123,254,86,0,71,3,91,242,231,253,104,62,0.1828,0.1515,0.3685
1589988763.4545157,132,254,179,255,124,3,22,1,189,254,239,253,0,0,2,0,255,255,160,11,123,254,86,0,71,3,92,242,231,253,105,62,0.1867,0.1789,0.3685
1589988763.4622378,128,254,170,255,137,3,27,1,199,254,226,253,248,255,8,0,1,0,160,11,123,254,86,0,71,3,94,242,231,253,105,62,0.1867,0.1789,0.4135
1589988763.4754212,135,254,177,255,130,3,27,1,199,254,226,253,254,255,1,0,1,0,160,11,123,254,86,0,71,3,95,242,232,253,105,62,0.1799,0.1359,0.3763
1589988763.482417,131,254,172,255,121,3,27,1,199,254,226,253,253,255,3,0,1,0,160,11,123,254,86,0,71,3,96,242,232,253,105,62,0.1799,0.1359,0.3763
1589988763.4959152,131,254,174,255,121,3,27,1,199,254,226,253,254,255,2,0,255,255,160,11,123,254,86,0,71,3,97,242,232,253,106,62,0.1975,0.1398,0.4096
1589988763.5043836,131,254,175,255,119,3,27,1,199,254,226,253,253,255,1,0,2,0,160,11,124,254,86,0,71,3,98,242,232,253,106,62,0.1975,0.1398,0.4096
1589988763.5163627,132,254,176,255,115,3,16,1,200,254,226,253,1,0,3,0,255,255,160,11,124,254,86,0,71,3,99,242,232,253,106,62,0.1672,0.132,0.3763
1589988763.5228546,133,254,179,255,111,3,16,1,200,254,226,253,2,0,4,0,0,0,160,11,124,254,86,0,71,3,100,242,232,253,106,62,0.1672,0.132,0.3763
1589988763.5327687,128,254,171,255,111,3,16,1,200,254,226,253,255,255,4,0,1,0,160,11,124,254,86,0,71,3,100,242,232,253,106,62,0.1691,0.131,0.3763
1589988763.5418801,132,254,176,255,111,3,16,1,200,254,226,253,5,0,254,255,1,0,160,11,124,254,86,0,71,3,101,242,232,253,106,62,0.1691,0.131,0.3715
1589988763.55465,131,254,174,255,127,3,16,1,200,254,226,253,1,0,255,255,255,255,160,11,124,254,86,0,71,3,102,242,232,253,107,62,0.1711,0.1329,0.3763
1589988763.5625424,133,254,174,255,133,3,27,1,200,254,213,253,0,0,254,255,0,0,160,11,124,254,86,0,71,3,103,242,232,253,107,62,0.1711,0.1329,0.3763
1589988763.5747595,131,254,173,255,134,3,27,1,200,254,213,253,255,255,254,255,2,0,160,11,124,254,86,0,71,3,104,242,232,253,107,62,0.172,0.1329,0.3754
1589988763.5827546,132,254,176,255,118,3,27,1,200,254,213,253,253,255,255,255,253,255,160,11,124,254,86,0,71,3,105,242,232,253,107,62,0.172,0.1329,0.3754
1589988763.5932286,129,254,175,255,121,3,27,1,200,254,213,253,254,255,255,255,2,0,160,11,124,254,86,0,71,3,106,242,232,253,108,62,0.1701,0.1408,0.3754
1589988763.608563,130,254,174,255,119,3,27,1,200,254,213,253,255,255,253,255,0,0,160,11,125,254,86,0,71,3,106,242,232,253,108,62,0.1838,0.1437,0.3754
1589988763.6147678,130,254,173,255,118,3,22,1,200,254,213,253,3,0,0,0,255,255,160,11,125,254,86,0,71,3,107,242,232,253,108,62,0.1838,0.1437,0.3763
1589988763.6264892,131,254,173,255,114,3,22,1,200,254,213,253,5,0,0,0,0,0,160,11,125,254,86,0,71,3,108,242,232,253,108,62,0.1818,0.1564,0.4008
1589988763.632496,132,254,176,255,110,3,22,1,200,254,213,253,3,0,255,255,1,0,160,11,125,254,86,0,71,3,108,242,232,253,108,62,0.1818,0.1564,0.4008
1589988763.6440952,131,254,176,255,119,3,22,1,200,254,213,253,1,0,2,0,2,0,160,11,125,254,86,0,71,3,109,242,232,253,108,62,0.176,0.1564,0.4008
1589988763.6552477,132,254,176,255,125,3,22,1,200,254,213,253,2,0,1,0,254,255,160,11,125,254,86,0,71,3,110,242,232,253,108,62,0.176,0.1535,0.3724
1589988763.6677136,130,254,174,255,130,3,16,1,199,254,232,253,2,0,1,0,0,0,160,11,125,254,86,0,71,3,111,242,232,253,109,62,0.175,0.1632,0.4692
1589988763.6742408,130,254,174,255,128,3,16,1,199,254,232,253,1,0,253,255,1,0,160,11,125,254,86,0,71,3,112,242,232,253,109,62,0.175,0.1632,0.4692
1589988763.682983,132,254,172,255,116,3,16,1,199,254,232,253,0,0,254,255,3,0,160,11,125,254,86,0,71,3,112,242,232,253,109,62,0.175,0.1632,0.4692
1589988763.693383,131,254,174,255,118,3,16,1,199,254,232,253,253,255,255,255,2,0,160,11,125,254,86,0,71,3,113,242,232,253,109,62,0.175,0.1613,0.3734
1589988763.7071652,131,254,178,255,119,3,16,1,199,254,232,253,252,255,6,0,0,0,160,11,125,254,86,0,71,3,114,242,232,253,109,62,0.1711,0.1603,0.4761
1589988763.7177324,130,254,176,255,121,3,27,1,205,254,226,253,251,255,4,0,0,0,160,11,125,254,86,0,71,3,114,242,232,253,109,62,0.1369,0.1613,0.4761
1589988763.7248583,131,254,174,255,124,3,27,1,205,254,226,253,2,0,3,0,255,255,160,11,126,254,86,0,71,3,115,242,232,253,110,62,0.1369,0.1613,0.3763
1589988763.7335675,131,254,173,255,115,3,27,1,205,254,226,253,1,0,3,0,0,0,160,11,126,254,86,0,72,3,116,242,232,253,110,62,0.1369,0.1613,0.3763
1589988763.7459867,132,254,173,255,123,3,27,1,205,254,226,253,0,0,2,0,0,0,160,11,126,254,86,0,72,3,117,242,232,253,110,62,0.1329,0.1564,0.477
1589988763.7610598,130,254,170,255,127,3,27,1,205,254,226,253,3,0,3,0,1,0,160,11,126,254,86,0,72,3,117,242,232,253,110,62,0.1672,0.1584,0.3773
1589988763.766863,130,254,174,255,131,3,16,1,212,254,232,253,3,0,6,0,0,0,160,11,126,254,86,0,72,3,118,242,232,253,110,62,0.1672,0.1584,0.3773
1589988763.7803113,131,254,174,255,127,3,16,1,212,254,232,253,7,0,2,0,1,0,160,11,126,254,86,0,72,3,119,242,232,253,110,62,0.1642,0.176,0.4125
1589988763.7865083,134,254,176,255,117,3,16,1,212,254,232,253,6,0,2,0,4,0,160,11,126,254,86,0,72,3,120,242,232,253,111,62,0.1642,0.176,0.4125
1589988763.7988024,145,254,179,255,117,3,16,1,212,254,232,253,10,0,0,0,11,0,160,11,126,254,85,0,71,3,121,242,233,253,111,62,0.0821,0.1505,0.3754
1589988763.8059356,141,254,178,255,120,3,16,1,212,254,232,253,3,0,4,0,45,0,159,11,126,254,85,0,67,3,122,242,234,253,111,62,0.0821,0.1505,0.3754
1589988763.8120434,172,254,169,255,127,3,27,1,205,254,232,253,253,255,3,0,108,0,158,11,127,254,85,0,58,3,126,242,236,253,113,62,0.0821,0.1505,0.3754
1589988763.8239398,215,254,160,255,124,3,27,1,205,254,232,253,4,0,1,0,172,0,157,11,126,254,84,0,44,3,125,242,239,253,113,62,0.0802,0.1818,0.4086
1589988763.833855,213,254,171,255,109,3,27,1,205,254,232,253,8,0,245,255,215,0,154,11,126,254,83,0,25,3,126,242,243,253,115,62,0.1515,0.1818,0.4086
1589988763.843127,217,254,198,255,117,3,27,1,205,254,232,253,0,0,243,255,5,1,152,11,126,254,82,0,3,3,126,242,247,253,116,62,0.1515,0.1369,0.3763
1589988763.8558183,208,254,207,255,125,3,27,1,205,254,232,253,242,255,239,255,43,1,149,11,126,254,81,0,234,2,127,242,252,253,117,62,0.1369,0.1427,0.3763
1589988763.8625393,27,255,171,255,144,3,9,1,199,254,220,253,249,255,238,255,73,1,146,11,126,254,79,0,206,2,127,242,2,254,119,62,0.1369,0.1427,0.4115
1589988763.8772345,84,255,168,255,88,3,9,1,199,254,220,253,43,0,33,0,91,1,143,11,126,254,77,0,177,2,124,242,12,254,120,62,0.1779,0.1447,0.3763
1589988763.8830605,75,255,173,255,82,3,9,1,199,254,220,253,59,0,28,0,63,1,140,11,125,254,75,0,152,2,121,242,23,254,121,62,0.1779,0.1447,0.3763
1589988763.8929977,56,255,172,255,120,3,9,1,199,254,220,253,235,255,234,255,13,1,137,11,125,254,74,0,128,2,122,242,26,254,122,62,0.2023,0.1476,0.3763
1589988763.8991866,56,255,172,255,120,3,9,1,199,254,220,253,235,255,234,255,13,1,137,11,125,254,74,0,128,2,122,242,26,254,122,62,0.2023,0.1476,0.4096
1589988763.906405,45,255,171,255,134,3,9,1,199,254,220,253,226,255,222,255,221,0,135,11,125,254,74,0,109,2,124,242,27,254,123,62,0.2023,0.1476,0.4096
1589988763.9179819,42,255,178,255,115,3,16,1,199,254,213,253,11,0,4,0,183,0,133,11,125,254,73,0,94,2,124,242,31,254,124,62,0.1867,0.1505,0.3754
1589988763.9272113,39,255,176,255,115,3,16,1,199,254,213,253,20,0,9,0,136,0,132,11,125,254,72,0,83,2,123,242,36,254,124,62,0.218,0.1505,0.3754
1589988763.9338703,38,255,174,255,116,3,16,1,199,254,213,253,255,255,250,255,79,0,131,11,130,254,72,0,79,2,167,242,32,254,134,62,0.218,0.1496,0.4135
1589988763.9486785,33,255,176,255,126,3,16,1,199,254,213,253,252,255,251,255,22,0,131,11,135,254,72,0,79,2,209,242,27,254,142,62,0.2092,0.1662,0.4135
1589988763.9562507,27,255,180,255,121,3,16,1,199,254,213,253,6,0,8,0,218,255,132,11,139,254,73,0,85,2,249,242,22,254,150,62,0.2092,0.1662,0.3715
1589988763.9699209,20,255,176,255,124,3,16,1,205,254,220,253,12,0,15,0,155,255,133,11,143,254,73,0,96,2,29,243,17,254,157,62,0.1965,0.1652,0.4115
1589988763.9765217,17,255,179,255,126,3,16,1,205,254,220,253,8,0,14,0,87,255,135,11,147,254,74,0,113,2,63,243,11,254,163,62,0.1965,0.1652,0.4115
1589988763.988385,15,255,180,255,114,3,16,1,205,254,220,253,8,0,16,0,17,255,137,11,151,254,75,0,135,2,95,243,4,254,169,62,0.1955,0.1691,0.4272
1589988763.99513,15,255,180,255,113,3,16,1,205,254,220,253,8,0,26,0,205,254,141,11,155,254,77,0,163,2,125,243,252,253,173,62,0.1955,0.1691,0.4272
1589988764.0066621,14,255,178,255,121,3,16,1,205,254,220,253,10,0,31,0,134,254,144,11,158,254,78,0,197,2,154,243,244,253,177,62,0.1584,0.1701,0.4272
1589988764.0137053,8,255,177,255,122,3,22,1,189,254,207,253,11,0,36,0,60,254,149,11,162,254,80,0,237,2,181,243,236,253,181,62,0.1584,0.1701,0.4076
1589988764.0246725,4,255,177,255,121,3,22,1,189,254,207,253,19,0,38,0,249,253,154,11,165,254,82,0,27,3,204,243,228,253,183,62,0.1603,0.1701,0.4076
1589988764.0350206,7,255,176,255,114,3,22,1,189,254,207,253,19,0,44,0,179,253,160,11,167,254,84,0,78,3,224,243,219,253,184,62,0.1603,0.2111,0.4301
1589988764.0447116,4,255,172,255,116,3,22,1,189,254,207,253,20,0,43,0,111,253,167,11,170,254,86,0,136,3,242,243,209,253,184,62,0.1486,0.1466,0.4301
1589988764.0568478,4,255,167,255,125,3,22,1,189,254,207,253,21,0,49,0,44,253,174,11,172,254,88,0,199,3,2,244,198,253,183,62,0.1486,0.1466,0.3793
1589988764.068438,251,254,170,255,123,3,33,1,205,254,200,253,24,0,55,0,239,252,182,11,174,254,91,0,11,4,15,244,187,253,181,62,0.1603,0.2258,0.3793
1589988764.0748563,250,254,166,255,125,3,33,1,205,254,200,253,31,0,61,0,178,252,190,11,176,254,94,0,84,4,26,244,176,253,177,62,0.1603,0.2258,0.3793
1589988764.0849051,252,254,163,255,112,3,33,1,205,254,200,253,30,0,65,0,116,252,199,11,177,254,97,0,162,4,35,244,164,253,173,62,0.1672,0.1994,0.3793
1589988764.0988085,252,254,162,255,115,3,33,1,205,254,200,253,29,0,70,0,62,252,208,11,179,254,100,0,245,4,42,244,151,253,168,62,0.1672,0.1994,0.3803
1589988764.1068525,254,254,156,255,120,3,33,1,205,254,200,253,28,0,72,0,5,252,218,11,180,254,104,0,76,5,49,244,137,253,161,62,0.1672,0.2532,0.3851
1589988764.1142986,255,254,155,255,125,3,46,1,199,254,207,253,32,0,75,0,209,251,229,11,182,254,107,0,168,5,56,244,123,253,154,62,0.1672,0.2532,0.3851
1589988764.1269658,244,254,153,255,116,3,46,1,199,254,207,253,37,0,83,0,158,251,240,11,183,254,111,0,9,6,60,244,109,253,145,62,0.1672,0.1877,0.3891
1589988764.1386821,251,254,148,255,109,3,46,1,199,254,207,253,41,0,81,0,110,251,251,11,184,254,115,0,109,6,64,244,94,253,135,62,0.1564,0.1916,0.3891
1589988764.145088,247,254,141,255,116,3,46,1,199,254,207,253,39,0,82,0,58,251,7,12,186,254,119,0,213,6,67,244,79,253,124,62,0.1564,0.1916,0.4428
1589988764.1575723,247,254,141,255,122,3,46,1,199,254,207,253,43,0,87,0,7,251,20,12,187,254,123,0,66,7,70,244,63,253,112,62,0.1681,0.1916,0.4428
1589988764.1650074,244,254,131,255,122,3,75,1,218,254,207,253,45,0,95,0,213,250,33,12,188,254,127,0,179,7,72,244,47,253,98,62,0.1681,0.1408,0.4526
1589988764.1791196,243,254,130,255,121,3,75,1,218,254,207,253,45,0,97,0,164,250,46,12,190,254,131,0,40,8,73,244,30,253,82,62,0.1838,0.1437,0.4526
1589988764.1852047,242,254,123,255,113,3,75,1,218,254,207,253,43,0,97,0,121,250,60,12,191,254,136,0,161,8,73,244,12,253,65,62,0.1838,0.1437,0.2981
1589988764.1972377,243,254,121,255,116,3,75,1,218,254,207,253,43,0,99,0,75,250,74,12,192,254,141,0,29,9,73,244,249,252,47,62,0.1711,0.1564,0.306
1589988764.2072258,244,254,115,255,119,3,75,1,218,254,207,253,45,0,102,0,34,250,89,12,194,254,145,0,156,9,74,244,231,252,26,62,0.1711,0.1564,0.306
1589988764.215074,243,254,112,255,121,3,110,1,236,254,208,253,49,0,109,0,250,249,104,12,195,254,150,0,31,10,73,244,212,252,5,62,0.2053,0.1564,0.306
1589988764.2250092,242,254,107,255,115,3,110,1,236,254,208,253,55,0,114,0,215,249,120,12,197,254,155,0,165,10,72,244,193,252,237,61,0.2053,0.1369,0.2307
1589988764.2353754,239,254,99,255,109,3,110,1,236,254,208,253,49,0,108,0,179,249,135,12,199,254,160,0,45,11,72,244,173,252,212,61,0.175,0.1457,0.2307
1589988764.2454553,245,254,93,255,112,3,110,1,236,254,208,253,53,0,115,0,149,249,151,12,200,254,165,0,184,11,71,244,153,252,185,61,0.175,0.1457,0.2033
1589988764.2577295,242,254,90,255,113,3,110,1,236,254,208,253,55,0,117,0,123,249,168,12,202,254,170,0,68,12,70,244,133,252,156,61,0.1808,0.1359,0.2043
1589988764.2657838,243,254,82,255,119,3,158,1,15,255,196,253,53,0,115,0,97,249,184,12,204,254,176,0,211,12,70,244,113,252,126,61,0.1808,0.1359,0.2043
1589988764.2779207,246,254,73,255,113,3,158,1,15,255,196,253,57,0,120,0,78,249,201,12,206,254,181,0,98,13,70,244,92,252,94,61,0.1828,0.1329,0.1896
1589988764.28609,245,254,71,255,106,3,158,1,15,255,196,253,57,0,124,0,56,249,218,12,209,254,186,0,244,13,69,244,72,252,61,61,0.1828,0.1329,0.1896
1589988764.296039,241,254,72,255,108,3,158,1,15,255,196,253,53,0,127,0,44,249,235,12,211,254,191,0,134,14,68,244,51,252,25,61,0.1848,0.1398,0.1896
1589988764.3088365,252,254,62,255,116,3,158,1,15,255,196,253,56,0,125,0,24,249,253,12,213,254,197,0,25,15,68,244,30,252,244,60,0.1789,0.1398,0.1955
1589988764.3173864,251,254,54,255,114,3,171,1,45,255,176,253,60,0,127,0,11,249,14,13,216,254,202,0,174,15,69,244,10,252,205,60,0.1789,0.1388,0.2414
1589988764.3302987,3,255,52,255,116,3,171,1,45,255,176,253,63,0,125,0,252,248,32,13,219,254,207,0,67,16,69,244,245,251,165,60,0.1789,0.1339,0.1769
1589988764.3360217,252,254,42,255,110,3,171,1,45,255,176,253,68,0,122,0,235,248,50,13,221,254,212,0,217,16,71,244,225,251,123,60,0.1789,0.1339,0.1769
1589988764.3458037,3,255,31,255,110,3,171,1,45,255,176,253,54,0,136,0,209,248,68,13,224,254,217,0,113,17,71,244,203,251,78,60,0.175,0.1339,0.1769
1589988764.357182,5,255,35,255,109,3,171,1,45,255,176,253,63,0,130,0,192,248,86,13,227,254,222,0,9,18,73,244,182,251,32,60,0.175,0.1329,0.2336
1589988764.3685622,15,255,23,255,114,3,209,1,111,255,149,253,61,0,136,0,168,248,104,13,230,254,227,0,164,18,75,244,161,251,240,59,0.175,0.1378,0.1544
1589988764.375183,14,255,17,255,113,3,209,1,111,255,149,253,59,0,137,0,140,248,123,13,234,254,233,0,64,19,76,244,139,251,189,59,0.175,0.1378,0.1544
1589988764.3890965,14,255,14,255,99,3,209,1,111,255,149,253,65,0,140,0,117,248,142,13,237,254,238,0,221,19,79,244,117,251,136,59,0.175,0.1564,0.1554
1589988764.3963315,13,255,4,255,110,3,209,1,111,255,149,253,63,0,144,0,90,248,161,13,241,254,243,0,124,20,81,244,95,251,81,59,0.175,0.1564,0.1554
1589988764.4074385,20,255,3,255,111,3,209,1,111,255,149,253,59,0,141,0,55,248,181,13,245,254,248,0,30,21,84,244,73,251,23,59,0.174,0.1466,0.1828
1589988764.4156735,28,255,255,254,109,3,224,1,144,255,157,253,64,0,147,0,32,248,201,13,248,254,253,0,192,21,87,244,50,251,219,58,0.174,0.1466,0.1828
1589988764.4272478,31,255,245,254,112,3,224,1,144,255,157,253,65,0,148,0,4,248,221,13,253,254,2,1,101,22,90,244,28,251,156,58,0.1642,0.1828,0.1848
1589988764.436117,32,255,243,254,98,3,224,1,144,255,157,253,66,0,147,0,239,247,241,13,1,255,7,1,10,23,95,244,5,251,91,58,0.1642,0.1828,0.1848
1589988764.4462311,40,255,236,254,106,3,224,1,144,255,157,253,66,0,150,0,221,247,5,14,5,255,12,1,176,23,99,244,238,250,23,58,0.175,0.1466,0.1848
1589988764.4634295,40,255,235,254,110,3,224,1,144,255,157,253,67,0,152,0,206,247,26,14,10,255,17,1,86,24,104,244,215,250,209,57,0.1564,0.2278,0.1789
1589988764.4691436,45,255,230,254,109,3,230,1,204,255,136,253,64,0,155,0,197,247,47,14,14,255,22,1,253,24,109,244,193,250,137,57,0.1564,0.2278,0.1789
1589988764.4812326,45,255,228,254,110,3,230,1,204,255,136,253,65,0,161,0,189,247,68,14,19,255,27,1,163,25,114,244,170,250,62,57,0.1672,0.1466,0.1769
1589988764.4880416,53,255,217,254,97,3,230,1,204,255,136,253,64,0,164,0,187,247,88,14,24,255,31,1,73,26,119,244,148,250,242,56,0.1672,0.1466,0.1769
1589988764.5014749,55,255,214,254,104,3,230,1,204,255,136,253,62,0,159,0,190,247,109,14,29,255,36,1,237,26,124,244,126,250,164,56,0.172,0.2014,0.1789
1589988764.5094268,60,255,206,254,104,3,230,1,204,255,136,253,64,0,162,0,195,247,130,14,34,255,40,1,144,27,130,244,104,250,84,56,0.172,0.2014,0.1789
1589988764.5198472,66,255,202,254,104,3,3,2,4,0,96,253,59,0,165,0,206,247,151,14,39,255,44,1,50,28,136,244,82,250,3,56,0.1232,0.1564,0.1769
1589988764.5264812,69,255,202,254,111,3,3,2,4,0,96,253,52,0,158,0,222,247,171,14,44,255,49,1,209,28,142,244,60,250,177,55,0.1232,0.1564,0.1769
1589988764.5412743,72,255,193,254,94,3,3,2,4,0,96,253,50,0,156,0,238,247,191,14,49,255,53,1,110,29,148,244,38,250,93,55,0.1408,0.2053,0.1838
1589988764.5479524,75,255,196,254,92,3,3,2,4,0,96,253,57,0,160,0,5,248,211,14,54,255,56,1,9,30,155,244,17,250,9,55,0.1408,0.2053,0.1838
1589988764.5626616,86,255,191,254,108,3,3,2,4,0,96,253,45,0,157,0,28,248,231,14,59,255,60,1,161,30,161,244,252,249,180,54,0.1554,0.1662,0.1799
1589988764.5683877,90,255,194,254,111,3,27,2,17,0,64,253,28,0,145,0,50,248,251,14,64,255,64,1,53,31,168,244,229,249,95,54,0.1554,0.1662,0.1799
1589988764.579666,97,255,196,254,98,3,27,2,17,0,64,253,40,0,153,0,80,248,14,15,69,255,67,1,200,31,175,244,208,249,9,54,0.1877,0.1945,0.1867
1589988764.5867672,96,255,183,254,94,3,27,2,17,0,64,253,47,0,159,0,111,248,33,15,75,255,71,1,87,32,182,244,189,249,179,53,0.1877,0.1945,0.1867
1589988764.5974061,106,255,181,254,99,3,27,2,17,0,64,253,32,0,158,0,141,248,52,15,80,255,74,1,226,32,188,244,169,249,93,53,0.0616,0.1535,0.1867
1589988764.6121402,105,255,183,254,101,3,27,2,17,0,64,253,31,0,156,0,170,248,71,15,85,255,77,1,107,33,194,244,150,249,6,53,0.0841,0.1535,0.172
1589988764.6197693,112,255,183,254,93,3,32,2,33,0,58,253,24,0,140,0,236,248,88,15,90,255,80,1,238,33,201,244,131,249,178,52,0.0841,0.2004,0.1818
1589988764.6267796,118,255,172,254,99,3,32,2,33,0,58,253,24,0,140,0,236,248,106,15,95,255,83,1,113,34,208,244,112,249,92,52,0.0841,0.2004,0.1818
1589988764.6394267,140,255,202,254,37,3,32,2,33,0,58,253,15,0,144,0,20,249,124,15,100,255,85,1,239,34,215,244,93,249,7,52,0.1711,0.1574,0.2258
1589988764.646565,117,255,163,254,181,3,32,2,33,0,58,253,26,0,125,0,107,249,140,15,104,255,88,1,103,35,222,244,75,249,182,51,0.1711,0.1574,0.2258
1589988764.659402,126,255,167,254,74,3,32,2,33,0,58,253,26,0,125,0,107,249,157,15,109,255,90,1,222,35,230,244,58,249,99,51,0.1447,0.1828,0.1808
1589988764.6715953,131,255,162,254,100,3,12,2,248,255,13,253,13,0,106,0,209,249,172,15,114,255,92,1,77,36,238,244,40,249,20,51,0.1877,0.1408,0.2336
1589988764.6777084,131,255,157,254,112,3,12,2,248,255,13,253,17,0,90,0,2,250,187,15,119,255,94,1,183,36,247,244,23,249,199,50,0.1877,0.1408,0.2336
1589988764.6909084,132,255,149,254,102,3,12,2,248,255,13,253,33,0,108,0,66,250,202,15,123,255,96,1,29,37,255,244,8,249,125,50,0.1564,0.218,0.1838
1589988764.6976845,138,255,146,254,99,3,12,2,248,255,13,253,27,0,104,0,128,250,216,15,127,255,98,1,127,37,7,245,251,248,52,50,0.1564,0.218,0.1838
1589988764.7096817,142,255,143,254,109,3,12,2,248,255,13,253,20,0,91,0,196,250,229,15,131,255,99,1,218,37,14,245,237,248,239,49,0.1642,0.218,0.1838
1589988764.7169929,141,255,140,254,102,3,200,1,17,0,156,253,34,0,90,0,16,251,241,15,135,255,100,1,49,38,22,245,225,248,173,49,0.1642,0.2043,0.1867
1589988764.7275758,142,255,136,254,98,3,200,1,17,0,156,253,27,0,81,0,89,251,253,15,139,255,102,1,130,38,29,245,213,248,110,49,0.1955,0.2043,0.1867
1589988764.738007,147,255,136,254,92,3,200,1,17,0,156,253,30,0,77,0,167,251,8,16,142,255,103,1,205,38,36,245,202,248,51,49,0.1955,0.1965,0.1789
1589988764.750291,148,255,127,254,90,3,200,1,17,0,156,253,27,0,72,0,244,251,18,16,146,255,104,1,19,39,43,245,192,248,251,48,0.175,0.2141,0.1818
1589988764.7601895,147,255,127,254,98,3,200,1,17,0,156,253,28,0,66,0,64,252,28,16,149,255,105,1,84,39,49,245,183,248,200,48,0.175,0.2141,0.1818
1589988764.7682703,148,255,127,254,102,3,201,1,113,0,248,253,22,0,58,0,139,252,36,16,151,255,105,1,143,39,54,245,174,248,152,48,0.1975,0.1965,0.1818
1589988764.7774146,145,255,119,254,145,3,201,1,113,0,248,253,25,0,53,0,215,252,44,16,154,255,106,1,197,39,60,245,166,248,108,48,0.1975,0.1965,0.1877
1589988764.7893338,193,255,193,254,94,3,201,1,113,0,248,253,132,0,146,0,60,253,51,16,155,255,106,1,247,39,65,245,172,248,69,48,0.1642,0.1672,0.1906
1589988764.7970767,174,255,169,254,208,2,201,1,113,0,248,253,11,0,14,0,80,253,58,16,158,255,106,1,36,40,72,245,164,248,31,48,0.1642,0.1672,0.1906
1589988764.810925,158,255,134,254,198,3,201,1,113,0,248,253,127,255,200,255,113,253,64,16,161,255,108,1,76,40,75,245,143,248,251,47,0.1916,0.129,0.2493
1589988764.8167741,169,255,142,254,82,3,195,1,193,0,234,253,88,0,59,0,235,253,70,16,162,255,108,1,112,40,81,245,144,248,222,47,0.1916,0.129,0.2493
1589988764.8289013,171,255,138,254,53,3,195,1,193,0,234,253,19,0,33,0,37,254,74,16,164,255,108,1,144,40,85,245,140,248,196,47,0.1877,0.1427,0.218
1589988764.8427746,164,255,125,254,128,3,195,1,193,0,234,253,237,255,252,255,86,254,78,16,165,255,108,1,171,40,88,245,133,248,172,47,0.1877,0.1398,0.2102
1589988764.8489766,169,255,127,254,76,3,195,1,193,0,234,253,38,0,25,0,160,254,82,16,166,255,108,1,194,40,92,245,132,248,153,47,0.1877,0.1398,0.2102
1589988764.8641965,166,255,124,254,108,3,195,1,193,0,234,253,251,255,12,0,208,254,85,16,167,255,109,1,214,40,95,245,128,248,136,47,0.1975,0.1417,0.2014
1589988764.871165,160,255,119,254,123,3,214,1,233,0,248,253,21,0,10,0,6,255,87,16,168,255,109,1,230,40,98,245,126,248,122,47,0.1975,0.1417,0.2014
1589988764.882241,159,255,115,254,105,3,214,1,233,0,248,253,19,0,6,0,53,255,89,16,169,255,109,1,244,40,101,245,124,248,111,47,0.1887,0.1476,0.2033
1589988764.889139,161,255,116,254,94,3,214,1,233,0,248,253,22,0,3,0,106,255,91,16,169,255,109,1,254,40,104,245,124,248,103,47,0.1887,0.1476,0.2033
1589988764.8994312,161,255,122,254,89,3,214,1,233,0,248,253,22,0,255,255,154,255,92,16,170,255,109,1,4,41,104,245,123,248,97,47,0.1672,0.1447,0.2033
1589988764.9104023,163,255,119,254,106,3,214,1,233,0,248,253,22,0,253,255,209,255,92,16,170,255,109,1,8,41,105,245,122,248,95,47,0.1672,0.1447,0.2043
1589988764.9221525,168,255,118,254,110,3,209,1,12,1,234,253,16,0,249,255,8,0,92,16,170,255,109,1,8,41,105,245,122,248,94,47,0.1945,0.2131,0.1799
1589988764.9292705,162,255,122,254,100,3,209,1,12,1,234,253,9,0,244,255,65,0,92,16,170,255,109,1,3,41,104,245,122,248,98,47,0.1945,0.2131,0.1799
1589988764.9389038,162,255,117,254,98,3,209,1,12,1,234,253,8,0,239,255,131,0,90,16,169,255,109,1,250,40,103,245,122,248,105,47,0.1691,0.2102,0.1799
1589988764.9487388,163,255,117,254,98,3,209,1,12,1,234,253,253,255,236,255,194,0,88,16,169,255,109,1,238,40,101,245,122,248,116,47,0.1691,0.2102,0.1877
1589988764.9605691,157,255,111,254,103,3,209,1,12,1,234,253,1,0,230,255,247,0,86,16,168,255,109,1,221,40,99,245,123,248,130,47,0.1945,0.305,0.2473
1589988764.968594,159,255,113,254,95,3,222,1,6,1,215,253,254,255,229,255,42,1,83,16,167,255,109,1,202,40,96,245,125,248,146,47,0.1945,0.305,0.2473
1589988764.9791603,158,255,113,254,113,3,222,1,6,1,215,253,254,255,223,255,86,1,80,16,166,255,109,1,179,40,93,245,126,248,165,47,0.1691,0.3021,0.2473
1589988764.9939375,159,255,112,254,91,3,222,1,6,1,215,253,255,255,227,255,122,1,76,16,165,255,109,1,154,40,89,245,129,248,186,47,0.2023,0.2815,0.1945
1589988764.9997203,159,255,113,254,104,3,222,1,6,1,215,253,252,255,222,255,153,1,72,16,164,255,108,1,127,40,86,245,131,248,209,47,0.2023,0.2815,0.1945
1589988765.0120149,157,255,116,254,97,3,222,1,6,1,215,253,254,255,220,255,177,1,68,16,163,255,108,1,98,40,82,245,134,248,232,47,0.1681,0.2815,0.1945
1589988765.0197668,158,255,121,254,99,3,251,1,30,1,215,253,245,255,214,255,197,1,63,16,161,255,108,1,68,40,79,245,136,248,1,48,0.1681,0.2845,0.1877
1589988765.0294158,156,255,108,254,102,3,251,1,30,1,215,253,251,255,221,255,218,1,59,16,160,255,108,1,37,40,75,245,139,248,27,48,0.2121,0.2845,0.1877
1589988765.038865,158,255,121,254,86,3,251,1,30,1,215,253,250,255,219,255,234,1,54,16,158,255,108,1,4,40,71,245,142,248,54,48,0.2121,0.3969,0.1896
1589988765.0498872,159,255,121,254,96,3,251,1,30,1,215,253,237,255,213,255,251,1,49,16,157,255,108,1,227,39,66,245,144,248,81,48,0.175,0.3969,0.1896
1589988765.0613263,156,255,131,254,100,3,251,1,30,1,215,253,246,255,216,255,7,2,44,16,155,255,108,1,192,39,62,245,147,248,109,48,0.175,0.3627,0.1799
1589988765.0728204,154,255,125,254,102,3,38,2,28,1,202,253,244,255,213,255,20,2,38,16,154,255,107,1,156,39,59,245,150,248,138,48,0.1642,0.1701,0.1857
1589988765.0788987,150,255,116,254,104,3,38,2,28,1,202,253,243,255,216,255,34,2,33,16,152,255,107,1,120,39,54,245,154,248,167,48,0.1642,0.1701,0.1857
1589988765.0891967,148,255,111,254,89,3,38,2,28,1,202,253,237,255,213,255,46,2,28,16,150,255,107,1,82,39,49,245,156,248,197,48,0.175,0.1623,0.1857
1589988765.0992777,146,255,119,254,95,3,38,2,28,1,202,253,238,255,211,255,52,2,22,16,149,255,107,1,44,39,44,245,158,248,227,48,0.175,0.1623,0.1564
1589988765.111647,146,255,118,254,104,3,38,2,28,1,202,253,239,255,209,255,63,2,16,16,147,255,107,1,5,39,40,245,161,248,1,49,0.1994,0.1554,0.1652
1589988765.119038,144,255,116,254,100,3,14,3,92,1,143,253,240,255,208,255,79,2,11,16,145,255,106,1,221,38,35,245,164,248,32,49,0.1994,0.1554,0.1652
1589988765.1294613,144,255,127,254,98,3,14,3,92,1,143,253,236,255,208,255,100,2,5,16,144,255,106,1,180,38,30,245,168,248,65,49,0.1799,0.1496,0.1652
1589988765.1425695,144,255,131,254,90,3,14,3,92,1,143,253,234,255,205,255,127,2,254,15,142,255,106,1,136,38,25,245,171,248,98,49,0.218,0.1496,0.1564
1589988765.1496866,139,255,122,254,99,3,14,3,92,1,143,253,234,255,206,255,158,2,248,15,140,255,105,1,90,38,20,245,175,248,133,49,0.218,0.1417,0.1574
1589988765.1668267,138,255,121,254,97,3,14,3,92,1,143,253,230,255,207,255,188,2,241,15,138,255,105,1,43,38,14,245,179,248,169,49,0.1848,0.1398,0.1681
1589988765.1733048,135,255,111,254,101,3,156,5,240,0,194,250,226,255,202,255,215,2,234,15,135,255,105,1,249,37,8,245,183,248,207,49,0.1848,0.1398,0.1681
1589988765.180227,135,255,109,254,101,3,156,5,240,0,194,250,229,255,204,255,235,2,226,15,133,255,104,1,197,37,2,245,187,248,245,49,0.1848,0.1398,0.1681
1589988765.191596,128,255,113,254,89,3,156,5,240,0,194,250,231,255,201,255,249,2,219,15,131,255,104,1,145,37,251,244,190,248,28,50,0.2356,0.1193,0.1789
1589988765.2036514,133,255,116,254,90,3,156,5,240,0,194,250,233,255,201,255,253,2,211,15,129,255,104,1,92,37,245,244,194,248,66,50,0.2014,0.1163,0.1564
1589988765.2119193,127,255,121,254,103,3,156,5,240,0,194,250,237,255,200,255,245,2,204,15,127,255,103,1,39,37,239,244,198,248,104,50,0.2014,0.1163,0.1564
1589988765.2239206,128,255,118,254,107,3,224,2,128,255,45,253,234,255,197,255,236,2,197,15,124,255,103,1,243,36,234,244,202,248,142,50,0.2043,0.1349,0.1652
1589988765.2292836,124,255,130,254,94,3,224,2,128,255,45,253,239,255,199,255,219,2,190,15,122,255,102,1,193,36,229,244,207,248,178,50,0.2043,0.1349,0.1652
1589988765.24455,122,255,149,254,84,3,224,2,128,255,45,253,237,255,202,255,201,2,183,15,120,255,102,1,143,36,224,244,212,248,214,50,0.1955,0.1359,0.1564
1589988765.250324,115,255,143,254,104,3,224,2,128,255,45,253,237,255,200,255,182,2,176,15,118,255,101,1,94,36,220,244,218,248,249,50,0.1955,0.1359,0.1564
1589988765.262094,112,255,137,254,100,3,224,2,128,255,45,253,241,255,202,255,171,2,169,15,116,255,100,1,46,36,216,244,223,248,27,51,0.1965,0.1486,0.1701
1589988765.2696931,109,255,134,254,112,3,56,2,139,0,136,253,235,255,201,255,157,2,162,15,114,255,100,1,255,35,212,244,229,248,60,51,0.1965,0.1486,0.1701
1589988765.2810283,108,255,143,254,99,3,56,2,139,0,136,253,235,255,203,255,155,2,156,15,112,255,99,1,208,35,208,244,234,248,93,51,0.1926,0.1476,0.1701
1589988765.2935026,106,255,138,254,92,3,56,2,139,0,136,253,237,255,205,255,157,2,149,15,110,255,98,1,161,35,204,244,239,248,126,51,0.1603,0.1476,0.172
1589988765.3002896,104,255,139,254,102,3,56,2,139,0,136,253,237,255,200,255,165,2,143,15,108,255,97,1,113,35,200,244,245,248,158,51,0.1603,0.1457,0.172
1589988765.315127,109,255,147,254,117,3,56,2,139,0,136,253,235,255,204,255,171,2,136,15,106,255,97,1,64,35,197,244,250,248,192,51,0.1848,0.1535,0.1867
1589988765.3206627,112,255,163,254,90,3,14,2,174,0,130,253,239,255,196,255,180,2,129,15,105,255,96,1,15,35,193,244,0,249,225,51,0.1848,0.1535,0.1867
1589988765.330851,108,255,141,254,123,3,14,2,174,0,130,253,227,255,205,255,183,2,122,15,103,255,95,1,221,34,189,244,6,249,2,52,0.1848,0.1535,0.172
1589988765.3428621,112,255,161,254,81,3,14,2,174,0,130,253,241,255,206,255,173,2,116,15,101,255,94,1,173,34,186,244,12,249,35,52,0.1848,0.1584,0.1818
1589988765.3555274,103,255,159,254,109,3,14,2,174,0,130,253,226,255,198,255,141,2,109,15,99,255,93,1,125,34,183,244,17,249,66,52,0.0782,0.1769,0.172
1589988765.3625715,104,255,167,254,82,3,14,2,174,0,130,253,247,255,211,255,124,2,103,15,97,255,92,1,80,34,180,244,24,249,96,52,0.0782,0.1769,0.172
1589988765.3751626,93,255,152,254,133,3,14,2,163,0,104,253,228,255,202,255,84,2,97,15,95,255,92,1,37,34,177,244,28,249,125,52,0.0938,0.2141,0.1828
1589988765.3816795,97,255,150,254,107,3,14,2,163,0,104,253,252,255,215,255,52,2,91,15,94,255,91,1,253,33,175,244,35,249,151,52,0.0938,0.2141,0.1828
1589988765.395135,99,255,156,254,96,3,14,2,163,0,104,253,234,255,215,255,7,2,86,15,92,255,90,1,215,33,173,244,38,249,175,52,0.1408,0.2493,0.2053
1589988765.401821,107,255,151,254,90,3,14,2,163,0,104,253,250,255,222,255,227,1,82,15,91,255,90,1,180,33,171,244,43,249,198,52,0.1408,0.2493,0.2053
1589988765.4147801,107,255,152,254,110,3,14,2,163,0,104,253,243,255,223,255,172,1,77,15,90,255,89,1,150,33,169,244,46,249,217,52,0.1447,0.218,0.1818
1589988765.4214602,112,255,144,254,103,3,251,1,80,0,149,253,254,255,233,255,107,1,74,15,89,255,89,1,124,33,168,244,48,249,234,52,0.1447,0.218,0.1818
1589988765.4311624,111,255,157,254,106,3,251,1,80,0,149,253,255,255,235,255,26,1,71,15,88,255,88,1,104,33,168,244,49,249,247,52,0.2385,0.218,0.1818
1589988765.4399223,124,255,170,254,109,3,251,1,80,0,149,253,6,0,244,255,183,0,69,15,88,255,88,1,91,33,170,244,49,249,255,52,0.2385,0.1955,0.2033
1589988765.4542036,225,253,212,255,170,252,251,1,80,0,149,253,7,253,234,8,133,253,79,15,70,255,98,1,145,33,234,243,88,249,183,52,0.2209,0.1877,0.1887
1589988765.4620597,33,0,21,255,140,0,251,1,80,0,149,253,98,253,81,247,162,233,130,15,111,255,112,1,5,35,159,244,103,248,202,51,0.2209,0.1877,0.1887
1589988765.4735508,195,255,133,255,232,255,209,1,172,0,215,253,0,254,57,253,176,230,191,15,143,255,125,1,182,36,253,244,191,247,150,50,0.2805,0.1271,0.1906
1589988765.4808,24,0,43,255,64,0,209,1,172,0,215,253,11,254,15,253,73,231,250,15,174,255,136,1,81,38,96,245,26,247,90,49,0.2805,0.1271,0.1906
1589988765.490041,18,0,149,255,238,255,209,1,172,0,215,253,120,254,233,253,89,232,51,16,203,255,143,1,212,39,185,245,143,246,29,48,0.2463,0.1251,0.1906
1589988765.5034573,64,0,13,254,226,3,209,1,172,0,215,253,108,254,103,254,78,233,106,16,231,255,149,1,62,41,9,246,15,246,223,46,0.2551,0.1251,0.1887
1589988765.5120876,220,255,114,255,100,0,209,1,172,0,215,253,101,3,20,5,92,235,161,16,241,255,142,1,165,42,48,246,72,246,174,45,0.2551,0.1525,0.2141
1589988765.5197246,161,2,121,0,71,7,180,1,52,1,202,253,165,6,23,9,236,236,213,16,240,255,126,1,3,44,67,246,248,246,135,44,0.2551,0.1525,0.2141
1589988765.5312018,130,254,113,0,214,4,180,1,52,1,202,253,132,4,62,12,215,238,6,17,230,255,116,1,60,45,2,246,191,247,98,43,0.2473,0.1486,0.2043
1589988765.5412998,220,255,183,255,1,0,180,1,52,1,202,253,229,254,94,4,205,241,43,17,234,255,120,1,23,46,216,245,194,247,111,42,0.2473,0.1486,0.2043
1589988765.553209,167,255,221,255,142,1,180,1,52,1,202,253,217,0,98,0,28,243,75,17,246,255,119,1,215,46,5,246,168,247,161,41,0.2493,0.1642,0.2004
1589988765.5652792,98,0,132,255,4,2,180,1,52,1,202,253,183,1,151,252,253,243,103,17,8,0,114,1,126,47,117,246,96,247,238,40,0.2473,0.1613,0.259
1589988765.570609,136,0,76,255,185,2,102,1,137,1,247,253,165,0,12,253,237,244,129,17,26,0,112,1,19,48,203,246,20,247,66,40,0.2473,0.1613,0.259
1589988765.5847366,98,0,51,255,25,3,102,1,137,1,247,253,111,255,22,2,74,246,154,17,30,0,113,1,157,48,195,246,16,247,151,39,0.2512,0.1623,0.1994
1589988765.5907147,121,0,11,255,40,5,102,1,137,1,247,253,199,255,119,4,69,247,178,17,29,0,113,1,33,49,157,246,61,247,244,38,0.2512,0.1623,0.1994
1589988765.6047227,75,0,218,254,35,4,102,1,137,1,247,253,37,0,251,0,172,247,199,17,34,0,112,1,148,49,172,246,52,247,99,38,0.2502,0.1623,0.1681
1589988765.612378,52,0,193,254,100,4,102,1,137,1,247,253,229,255,125,254,11,248,218,17,46,0,111,1,248,49,214,246,0,247,223,37,0.2502,0.1623,0.1681
1589988765.6203218,74,0,30,255,180,2,76,1,168,1,221,253,98,0,73,1,38,249,236,17,49,0,109,1,86,50,226,246,5,247,101,37,0.2502,0.1623,0.1681
1589988765.62659,74,0,30,255,180,2,76,1,168,1,221,253,98,0,73,1,38,249,236,17,49,0,109,1,86,50,226,246,5,247,101,37,0.2502,0.1632,0.1681
1589988765.6325161,71,0,240,254,7,3,76,1,168,1,221,253,81,0,144,1,219,249,252,17,52,0,108,1,171,50,230,246,17,247,246,36,0.2502,0.1632,0.1681
1589988765.6414251,39,0,240,254,152,3,76,1,168,1,221,253,231,255,132,255,40,250,10,18,58,0,107,1,244,50,253,246,245,246,144,36,0.2493,0.1613,0.1681
1589988765.6508043,25,0,213,254,247,3,76,1,168,1,221,253,210,255,179,0,31,251,23,18,61,0,107,1,51,51,0,247,240,246,55,36,0.2493,0.1613,0.1838
1589988765.6630285,43,0,32,255,146,2,76,1,168,1,221,253,145,0,14,0,202,251,33,18,65,0,105,1,105,51,23,247,235,246,238,35,0.2502,0.1613,0.1838
1589988765.6705787,45,0,206,254,189,3,17,1,224,1,208,253,228,255,108,0,158,252,42,18,67,0,105,1,148,51,26,247,231,246,176,35,0.2502,0.1329,0.1926
1589988765.6822598,41,0,228,254,51,3,17,1,224,1,208,253,7,0,44,0,83,253,48,18,70,0,104,1,182,51,32,247,226,246,128,35,0.2571,0.1466,0.1877
1589988765.691547,42,0,208,254,75,3,17,1,224,1,208,253,22,0,37,0,46,254,53,18,71,0,103,1,205,51,38,247,224,246,95,35,0.2571,0.1466,0.1877
1589988765.70357,42,0,192,254,101,3,17,1,224,1,208,253,236,255,13,0,18,255,55,18,72,0,104,1,216,51,39,247,221,246,78,35,0.2571,0.1564,0.1926
1589988765.713658,42,0,218,254,50,3,17,1,224,1,208,253,15,0,0,0,241,255,56,18,72,0,103,1,217,51,40,247,222,246,77,35,0.262,0.1564,0.1926
1589988765.7210712,39,0,198,254,122,3,0,1,241,1,196,253,249,255,241,255,198,0,54,18,71,0,103,1,207,51,38,247,223,246,91,35,0.262,0.1437,0.1877
1589988765.7350924,32,0,13,254,64,3,0,1,241,1,196,253,246,255,227,255,146,1,50,18,70,0,104,1,188,51,34,247,225,246,120,35,0.261,0.1818,0.1906
1589988765.7420547,104,0,1,0,107,3,0,1,241,1,196,253,22,254,155,254,212,7,30,18,66,0,110,1,80,51,248,246,201,246,1,36,0.261,0.1818,0.1906
1589988765.7553215,179,255,34,255,167,4,0,1,241,1,196,253,220,254,94,254,31,16,245,17,54,0,115,1,124,50,197,246,209,246,31,37,0.261,0.1662,0.1877
1589988765.7630608,84,255,204,254,153,3,0,1,241,1,196,253,163,2,100,0,137,16,204,17,37,0,111,1,174,49,187,246,47,247,68,38,0.261,0.1662,0.1877
1589988765.771582,222,255,116,255,244,0,251,0,249,1,181,253,122,0,119,255,65,16,164,17,22,0,111,1,211,48,153,246,96,247,92,39,0.261,0.1662,0.1877
1589988765.782931,42,0,207,254,227,3,251,0,249,1,181,253,190,253,237,253,177,15,124,17,12,0,117,1,237,47,97,246,82,247,99,40,0.261,0.1779,0.1906
1589988765.7946804,227,255,158,254,253,3,251,0,249,1,181,253,43,255,154,254,212,15,84,17,0,0,119,1,6,47,55,246,100,247,105,41,0.2649,0.1584,0.1877
1589988765.8020394,198,255,237,254,117,2,251,0,249,1,181,253,150,0,107,255,251,15,44,17,242,255,118,1,31,46,26,246,154,247,111,42,0.2649,0.1584,0.1877
1589988765.8134074,78,6,184,246,241,2,251,0,249,1,181,253,34,255,237,254,198,15,4,17,229,255,119,1,46,45,239,245,179,247,105,43,0.2561,0.1584,0.1877
1589988765.8212306,71,0,140,253,121,3,92,1,182,1,162,253,10,254,202,253,36,9,236,16,225,255,123,1,151,44,215,245,147,247,249,43,0.2561,0.1808,0.1799
1589988765.8314579,65,255,193,255,224,3,92,1,182,1,162,253,217,254,238,255,229,249,251,16,231,255,126,1,239,44,217,245,106,247,151,43,0.262,0.1662,0.1799
1589988765.8370519,65,255,193,255,224,3,92,1,182,1,162,253,217,254,238,255,229,249,251,16,231,255,126,1,239,44,217,245,106,247,151,43,0.262,0.1662,0.1838
1589988765.850516,133,255,109,255,177,5,92,1,182,1,162,253,5,3,67,2,243,249,12,17,232,255,119,1,91,45,248,245,166,247,57,43,0.262,0.1789,0.1701
1589988765.856667,225,255,65,255,152,2,92,1,182,1,162,253,160,2,167,0,238,250,25,17,235,255,113,1,178,45,38,246,198,247,239,42,0.262,0.1789,0.1701
1589988765.864484,72,255,206,254,42,5,92,1,182,1,162,253,159,254,196,255,154,251,35,17,240,255,117,1,238,45,32,246,159,247,166,42,0.262,0.1789,0.1701
1589988765.8761685,181,255,244,254,232,3,145,1,153,1,162,253,81,254,38,0,102,252,44,17,243,255,121,1,29,46,13,246,124,247,103,42,0.2571,0.1574,0.1808
1589988765.8871624,220,255,251,254,17,3,145,1,153,1,162,253,240,0,142,0,131,253,51,17,245,255,119,1,71,46,28,246,138,247,64,42,0.2532,0.1789,0.216
1589988765.8937194,167,253,130,251,69,3,145,1,153,1,162,253,115,0,97,0,43,254,56,17,246,255,118,1,100,46,35,246,145,247,35,42,0.2532,0.1789,0.216
1589988765.9066997,179,1,67,249,140,2,145,1,153,1,162,253,41,255,210,255,221,0,53,17,245,255,120,1,84,46,21,246,132,247,47,42,0.2571,0.1584,0.1652
1589988765.9144008,237,0,95,254,192,3,145,1,153,1,162,253,186,255,26,255,107,3,44,17,244,255,120,1,30,46,20,246,126,247,104,42,0.2571,0.1584,0.1652
1589988765.92167,154,255,85,255,20,3,108,1,171,1,181,253,209,0,167,0,255,255,45,17,242,255,118,1,35,46,23,246,148,247,104,42,0.2571,0.1584,0.1652
1589988765.93309,6,0,180,254,219,2,108,1,171,1,181,253,88,0,91,0,190,255,46,17,242,255,118,1,41,46,24,246,158,247,100,42,0.2502,0.1632,0.175
1589988765.9426832,193,255,67,253,178,3,108,1,171,1,181,253,88,255,107,255,49,255,47,17,244,255,119,1,49,46,25,246,136,247,87,42,0.26,0.1632,0.175
1589988765.9519503,90,0,253,254,42,3,108,1,171,1,181,253,162,255,243,255,21,255,49,17,245,255,120,1,61,46,22,246,127,247,71,42,0.26,0.1408,0.1593
1589988765.9663317,232,255,97,254,48,3,108,1,171,1,181,253,121,0,20,0,77,0,49,17,244,255,119,1,58,46,28,246,136,247,77,42,0.2542,0.1867,0.1711
1589988765.9724247,251,255,11,254,102,3,121,1,164,1,170,253,232,255,13,0,238,255,49,17,244,255,119,1,59,46,26,246,135,247,76,42,0.2542,0.1867,0.1711
1589988765.9836268,14,0,59,254,130,3,121,1,164,1,170,253,236,255,232,255,254,255,49,17,245,255,119,1,59,46,26,246,133,247,76,42,0.2903,0.132,0.1652
1589988765.9922628,253,255,59,254,76,3,121,1,164,1,170,253,16,0,10,0,4,0,49,17,245,255,119,1,59,46,26,246,134,247,76,42,0.2903,0.132,0.1652
1589988766.0019588,1,0,72,254,104,3,121,1,164,1,170,253,255,255,255,255,255,255,49,17,245,255,119,1,59,46,26,246,134,247,76,42,0.2502,0.1867,0.1652
1589988766.0077512,1,0,72,254,104,3,121,1,164,1,170,253,255,255,255,255,255,255,49,17,245,255,119,1,59,46,26,246,134,247,76,42,0.2502,0.1867,0.1789
1589988766.0156763,0,0,53,254,81,3,121,1,164,1,170,253,244,255,255,255,253,255,49,17,245,255,119,1,59,46,26,246,134,247,76,42,0.2502,0.1867,0.1789
1589988766.0269194,0,0,62,254,107,3,108,1,171,1,183,253,248,255,254,255,255,255,49,17,245,255,119,1,59,46,26,246,134,247,76,42,0.2796,0.1339,0.1789
1589988766.0363076,254,255,60,254,83,3,108,1,171,1,183,253,244,255,253,255,0,0,49,17,245,255,121,1,57,46,17,246,123,247,73,42,0.2522,0.1339,0.1789
1589988766.0435646,2,0,61,254,107,3,108,1,171,1,183,253,7,0,255,255,0,0,49,17,245,255,122,1,56,46,11,246,114,247,72,42,0.2522,0.1867,0.1789
1589988766.0580976,255,255,55,254,82,3,108,1,171,1,183,253,8,0,1,0,2,0,49,17,245,255,123,1,54,46,3,246,105,247,70,42,0.2502,0.218,0.1779
1589988766.066455,3,0,50,254,94,3,108,1,171,1,183,253,5,0,0,0,1,0,49,17,245,255,125,1,53,46,252,245,95,247,67,42,0.2502,0.218,0.1779
1589988766.078594,0,0,60,254,86,3,115,1,182,1,143,253,252,255,3,0,2,0,49,17,246,255,126,1,51,46,245,245,86,247,65,42,0.2532,0.1867,0.1916
1589988766.0846531,2,0,62,254,108,3,115,1,182,1,143,253,2,0,4,0,0,0,49,17,246,255,127,1,50,46,239,245,78,247,64,42,0.2532,0.1867,0.1916
1589988766.0941722,1,0,49,254,83,3,115,1,182,1,143,253,4,0,2,0,0,0,49,17,246,255,128,1,49,46,232,245,69,247,62,42,0.2502,0.1867,0.1916
1589988766.1040463,254,255,59,254,102,3,115,1,182,1,143,253,8,0,0,0,1,0,49,17,246,255,130,1,48,46,226,245,62,247,60,42,0.2502,0.218,0.1926
1589988766.1180575,255,255,56,254,95,3,115,1,182,1,143,253,253,255,2,0,1,0,49,17,246,255,131,1,47,46,221,245,55,247,59,42,0.2542,0.1867,0.1887
1589988766.1243217,1,0,59,254,99,3,115,1,171,1,183,253,246,255,252,255,1,0,49,17,247,255,132,1,45,46,215,245,48,247,57,42,0.2542,0.1867,0.1887
1589988766.13773,0,0,55,254,90,3,115,1,171,1,183,253,247,255,254,255,2,0,50,17,247,255,133,1,44,46,210,245,41,247,56,42,0.2532,0.1984,0.1857
1589988766.1441648,2,0,60,254,88,3,115,1,171,1,183,253,3,0,1,0,1,0,50,17,247,255,134,1,43,46,204,245,34,247,54,42,0.2532,0.1984,0.1857
1589988766.154038,2,0,56,254,92,3,115,1,171,1,183,253,5,0,254,255,2,0,50,17,247,255,135,1,42,46,199,245,27,247,52,42,0.2532,0.2336,0.1857
1589988766.1664271,1,0,63,254,105,3,115,1,171,1,183,253,12,0,2,0,0,0,50,17,247,255,135,1,41,46,196,245,22,247,51,42,0.2532,0.2336,0.1896
1589988766.1761994,0,0,55,254,98,3,121,1,177,1,168,253,255,255,1,0,2,0,50,17,248,255,136,1,40,46,192,245,16,247,50,42,0.2532,0.1349,0.172
1589988766.1873264,0,0,56,254,95,3,121,1,177,1,168,253,255,255,1,0,2,0,50,17,248,255,137,1,40,46,187,245,10,247,49,42,0.2561,0.1349,0.172
1589988766.1939635,255,255,57,254,86,3,121,1,177,1,168,253,255,255,3,0,1,0,50,17,248,255,138,1,39,46,183,245,4,247,47,42,0.2561,0.1711,0.217
1589988766.2093189,0,0,63,254,96,3,121,1,177,1,168,253,4,0,254,255,255,255,50,17,248,255,138,1,38,46,179,245,255,246,46,42,0.2532,0.1447,0.2698
1589988766.216448,0,0,61,254,102,3,121,1,177,1,168,253,3,0,2,0,255,255,50,17,248,255,139,1,37,46,175,245,251,246,45,42,0.2532,0.1447,0.2698
1589988766.224256,0,0,57,254,102,3,115,1,164,1,170,253,255,255,0,0,0,0,50,17,248,255,140,1,36,46,172,245,246,246,44,42,0.2532,0.1447,0.2698
1589988766.2360501,0,0,56,254,95,3,115,1,164,1,170,253,249,255,253,255,254,255,50,17,248,255,140,1,35,46,168,245,242,246,43,42,0.2542,0.1789,0.2063
1589988766.2461212,0,0,55,254,82,3,115,1,164,1,170,253,250,255,255,255,1,0,50,17,248,255,141,1,35,46,164,245,237,246,42,42,0.2532,0.1789,0.2063
1589988766.2546985,1,0,60,254,92,3,115,1,164,1,170,253,1,0,0,0,2,0,50,17,249,255,142,1,34,46,160,245,232,246,41,42,0.2532,0.1447,0.2698
1589988766.2693236,1,0,59,254,99,3,115,1,164,1,170,253,9,0,2,0,1,0,50,17,249,255,142,1,33,46,157,245,227,246,40,42,0.2551,0.1457,0.1681
1589988766.2754726,255,255,59,254,100,3,121,1,164,1,189,253,6,0,1,0,0,0,50,17,249,255,143,1,32,46,154,245,223,246,39,42,0.2551,0.1457,0.1681
1589988766.288177,0,0,55,254,92,3,121,1,164,1,189,253,1,0,254,255,1,0,50,17,249,255,144,1,32,46,151,245,219,246,38,42,0.2532,0.1329,0.174
1589988766.294131,0,0,59,254,85,3,121,1,164,1,189,253,251,255,0,0,0,0,50,17,249,255,144,1,31,46,147,245,214,246,37,42,0.2532,0.1329,0.174
1589988766.304346,0,0,58,254,89,3,121,1,164,1,189,253,2,0,1,0,1,0,50,17,249,255,145,1,30,46,144,245,210,246,36,42,0.2542,0.1329,0.174
1589988766.3164372,0,0,66,254,103,3,121,1,164,1,189,253,0,0,0,0,254,255,50,17,249,255,145,1,30,46,141,245,207,246,36,42,0.2542,0.1457,0.1681
1589988766.3254175,0,0,58,254,102,3,115,1,171,1,170,253,4,0,251,255,1,0,50,17,249,255,146,1,29,46,139,245,204,246,35,42,0.2532,0.176,0.1681
1589988766.3344686,0,0,57,254,99,3,115,1,171,1,170,253,254,255,254,255,255,255,50,17,249,255,146,1,29,46,136,245,200,246,34,42,0.2532,0.176,0.1818
1589988766.3474295,1,0,61,254,88,3,115,1,171,1,170,253,250,255,0,0,255,255,50,17,249,255,147,1,28,46,133,245,197,246,33,42,0.2542,0.1544,0.1799
1589988766.3543057,2,0,57,254,94,3,115,1,171,1,170,253,252,255,2,0,0,0,50,17,250,255,147,1,27,46,131,245,193,246,32,42,0.2542,0.1544,0.1799
1589988766.36693,0,0,60,254,100,3,115,1,171,1,170,253,10,0,0,0,254,255,50,17,250,255,148,1,27,46,129,245,190,246,32,42,0.2502,0.1867,0.1828
1589988766.3745992,1,0,59,254,101,3,115,1,182,1,170,253,7,0,0,0,1,0,50,17,250,255,148,1,26,46,127,245,187,246,31,42,0.2502,0.1867,0.1828
1589988766.3847783,0,0,58,254,96,3,115,1,182,1,170,253,4,0,255,255,2,0,50,17,250,255,149,1,26,46,124,245,184,246,30,42,0.2532,0.1505,0.1828
1589988766.4000845,0,0,55,254,86,3,115,1,182,1,170,253,255,255,1,0,0,0,50,17,250,255,149,1,25,46,121,245,180,246,30,42,0.2737,0.1623,0.1828
1589988766.4062085,1,0,58,254,91,3,115,1,182,1,170,253,251,255,0,0,2,0,50,17,250,255,150,1,25,46,119,245,177,246,29,42,0.2737,0.1623,0.1828
1589988766.4207187,0,0,57,254,95,3,115,1,182,1,170,253,255,255,1,0,2,0,50,17,250,255,150,1,24,46,116,245,174,246,28,42,0.2542,0.1535,0.1808
1589988766.4272938,0,0,59,254,99,3,102,1,164,1,181,253,3,0,1,0,0,0,50,17,250,255,150,1,24,46,114,245,171,246,27,42,0.2542,0.1535,0.1808
1589988766.4405367,3,0,58,254,99,3,102,1,164,1,181,253,2,0,252,255,0,0,50,17,250,255,151,1,23,46,112,245,168,246,27,42,0.2542,0.1554,0.1877
1589988766.4471009,0,0,55,254,86,3,102,1,164,1,181,253,251,255,1,0,255,255,50,17,250,255,151,1,23,46,109,245,164,246,26,42,0.2542,0.1554,0.1877
1589988766.457421,0,0,54,254,92,3,102,1,164,1,181,253,251,255,0,0,2,0,50,17,250,255,152,1,22,46,107,245,161,246,25,42,0.2845,0.1564,0.1877
1589988766.4686353,2,0,58,254,96,3,102,1,164,1,181,253,2,0,1,0,2,0,50,17,250,255,152,1,22,46,104,245,158,246,24,42,0.2845,0.1564,0.1877
1589988766.4848347,1,0,61,254,102,3,108,1,164,1,170,253,7,0,255,255,0,0,50,17,251,255,153,1,21,46,101,245,153,246,23,42,0.2542,0.1369,0.1877
1589988766.4958467,0,0,60,254,87,3,108,1,164,1,170,253,3,0,0,0,2,0,50,17,251,255,153,1,20,46,99,245,151,246,23,42,0.2884,0.1369,0.1877
1589988766.5057397,255,255,57,254,91,3,108,1,164,1,170,253,253,255,255,255,255,255,50,17,251,255,154,1,20,46,97,245,148,246,22,42,0.2884,0.1408,0.176
1589988766.517376,0,0,57,254,94,3,108,1,164,1,170,253,254,255,255,255,1,0,50,17,251,255,154,1,19,46,95,245,146,246,22,42,0.2542,0.1408,0.1877
1589988766.5249522,2,0,58,254,98,3,132,1,160,1,176,253,255,255,0,0,1,0,50,17,251,255,154,1,19,46,93,245,143,246,21,42,0.2542,0.1408,0.1877
1589988766.5351803,0,0,61,254,98,3,132,1,160,1,176,253,2,0,254,255,0,0,50,17,251,255,155,1,19,46,92,245,141,246,20,42,0.2923,0.1457,0.1877
1589988766.5459175,1,0,56,254,87,3,132,1,160,1,176,253,1,0,0,0,255,255,51,17,251,255,155,1,18,46,90,245,139,246,20,42,0.2923,0.1457,0.2375
1589988766.5572054,1,0,58,254,91,3,132,1,160,1,176,253,251,255,0,0,0,0,51,17,251,255,155,1,18,46,88,245,136,246,19,42,0.2551,0.1593,0.1848
1589988766.5682397,0,0,53,254,96,3,132,1,160,1,176,253,254,255,0,0,0,0,51,17,251,255,156,1,17,46,86,245,133,246,19,42,0.2551,0.1593,0.1848
1589988766.5757158,254,255,58,254,100,3,121,1,171,1,181,253,1,0,0,0,0,0,51,17,251,255,156,1,17,46,84,245,131,246,18,42,0.2942,0.1486,0.1848
1589988766.591213,255,255,58,254,101,3,121,1,171,1,181,253,3,0,2,0,1,0,51,17,251,255,156,1,17,46,82,245,129,246,18,42,0.2561,0.1544,0.1838
1589988766.597551,0,0,59,254,95,3,121,1,171,1,181,253,5,0,4,0,255,255,51,17,251,255,157,1,16,46,81,245,128,246,17,42,0.2561,0.1544,0.1838
1589988766.6071663,1,0,57,254,96,3,121,1,171,1,181,253,2,0,2,0,0,0,51,17,251,255,157,1,16,46,79,245,125,246,17,42,0.2962,0.1544,0.1838
1589988766.6179695,0,0,57,254,95,3,121,1,171,1,181,253,252,255,252,255,255,255,51,17,251,255,157,1,16,46,78,245,123,246,16,42,0.2962,0.176,0.1799
1589988766.6260724,1,0,56,254,98,3,102,1,171,1,162,253,0,0,253,255,254,255,51,17,251,255,157,1,15,46,76,245,121,246,16,42,0.2542,0.176,0.1799
1589988766.6356075,0,0,61,254,95,3,102,1,171,1,162,253,1,0,253,255,2,0,51,17,251,255,158,1,15,46,75,245,120,246,15,42,0.2542,0.1466,0.1769
1589988766.6485438,0,0,59,254,88,3,102,1,171,1,162,253,253,255,2,0,2,0,51,17,251,255,158,1,15,46,73,245,118,246,15,42,0.2972,0.1848,0.1769
1589988766.6555727,1,0,56,254,94,3,102,1,171,1,162,253,254,255,1,0,0,0,51,17,252,255,158,1,14,46,72,245,116,246,15,42,0.2972,0.1848,0.1701
1589988766.668823,2,0,58,254,92,3,102,1,171,1,162,253,255,255,0,0,2,0,51,17,252,255,159,1,14,46,70,245,113,246,14,42,0.2542,0.1515,0.1701
1589988766.6759312,0,0,56,254,99,3,108,1,171,1,162,253,0,0,2,0,1,0,51,17,252,255,159,1,14,46,69,245,112,246,14,42,0.2542,0.1515,0.1701
1589988766.6859002,1,0,57,254,100,3,108,1,171,1,162,253,5,0,2,0,0,0,51,17,252,255,159,1,13,46,67,245,110,246,13,42,0.3587,0.1584,0.1701
1589988766.6964223,0,0,59,254,89,3,108,1,171,1,162,253,5,0,0,0,1,0,51,17,252,255,159,1,13,46,66,245,108,246,13,42,0.3587,0.1584,0.1623
1589988766.7062335,1,0,57,254,97,3,108,1,171,1,162,253,255,255,255,255,1,0,51,17,252,255,160,1,13,46,65,245,106,246,12,42,0.2542,0.1554,0.1623
1589988766.7209678,0,0,56,254,94,3,108,1,171,1,162,253,252,255,0,0,1,0,51,17,252,255,160,1,12,46,63,245,104,246,12,42,0.3294,0.1554,0.1642
1589988766.726908,255,255,57,254,95,3,126,1,164,1,156,253,254,255,253,255,0,0,51,17,252,255,160,1,12,46,62,245,103,246,12,42,0.3294,0.1662,0.1642
1589988766.73714,0,0,57,254,99,3,126,1,164,1,156,253,1,0,1,0,1,0,51,17,252,255,160,1,12,46,61,245,101,246,11,42,0.3294,0.1662,0.1818
1589988766.7487211,255,255,58,254,89,3,126,1,164,1,156,253,255,255,4,0,255,255,51,17,252,255,161,1,11,46,60,245,99,246,11,42,0.2532,0.1447,0.1808
1589988766.7561352,0,0,58,254,94,3,126,1,164,1,156,253,2,0,2,0,1,0,51,17,252,255,161,1,11,46,58,245,98,246,10,42,0.2532,0.1447,0.1808
1589988766.7690372,1,0,56,254,97,3,126,1,164,1,156,253,252,255,0,0,2,0,51,17,252,255,161,1,11,46,57,245,96,246,10,42,0.3324,0.2092,0.1603
1589988766.7805505,0,0,57,254,98,3,115,1,164,1,176,253,254,255,0,0,1,0,51,17,252,255,161,1,11,46,56,245,95,246,10,42,0.2542,0.1398,0.1574
1589988766.7872875,255,255,57,254,94,3,115,1,164,1,176,253,2,0,3,0,0,0,51,17,252,255,161,1,10,46,55,245,93,246,9,42,0.2542,0.1398,0.1574
1589988766.8012898,0,0,59,254,88,3,115,1,164,1,176,253,6,0,1,0,0,0,51,17,252,255,162,1,10,46,53,245,91,246,9,42,0.3021,0.1857,0.1554
1589988766.808021,0,0,59,254,93,3,115,1,164,1,176,253,5,0,3,0,0,0,51,17,252,255,162,1,10,46,52,245,90,246,9,42,0.3021,0.1857,0.1554
1589988766.822483,1,0,58,254,97,3,115,1,164,1,176,253,0,0,4,0,255,255,51,17,252,255,162,1,10,46,51,245,89,246,8,42,0.2542,0.1476,0.1408
1589988766.8287983,0,0,57,254,97,3,102,1,171,1,176,253,254,255,0,0,1,0,51,17,252,255,162,1,9,46,50,245,87,246,8,42,0.2542,0.1476,0.1408
