time,acc raw,,,,,,mag raw,,,,,,gyr raw,,,,,,orientation fusion,,,,,,quaternion fusion,,,,,,,,IR on A0,IR on A1,IR on A2
1590503181.811631,218,255,85,254,95,3,214,1,28,1,231,253,1,0,1,0,255,255,126,16,223,255,153,1,186,41,167,245,70,246,103,46,0.1896,0.1808,0.4164
1590503181.822131,217,255,87,254,103,3,214,1,28,1,231,253,4,0,0,0,255,255,126,16,223,255,153,1,186,41,167,245,70,246,103,46,0.2239,0.1906,0.4233
1590503181.829752,218,255,86,254,108,3,214,1,28,1,231,253,2,0,252,255,254,255,126,16,223,255,153,1,186,41,167,245,70,246,103,46,0.2239,0.1906,0.4233
1590503181.84097,219,255,85,254,116,3,225,1,35,1,224,253,3,0,252,255,255,255,126,16,223,255,153,1,186,41,167,245,70,246,103,46,0.1887,0.1711,0.4184
1590503181.847202,220,255,84,254,112,3,225,1,35,1,224,253,4,0,255,255,255,255,126,16,223,255,153,1,186,41,167,245,70,246,103,46,0.1887,0.1711,0.4184
1590503181.8574321,218,255,87,254,104,3,225,1,35,1,224,253,4,0,255,255,255,255,126,16,223,255,153,1,186,41,167,245,70,246,103,46,0.1955,0.2023,0.4184
1590503181.8676872,217,255,85,254,111,3,225,1,35,1,224,253,255,255,252,255,0,0,126,16,223,255,153,1,186,41,167,245,70,246,103,46,0.1955,0.2023,0.4223
1590503181.8796823,219,255,86,254,111,3,225,1,35,1,224,253,2,0,253,255,0,0,126,16,223,255,153,1,186,41,167,245,70,246,103,46,0.1926,0.1681,0.4467
1590503181.8879905,217,255,86,254,107,3,219,1,28,1,231,253,0,0,255,255,255,255,126,16,223,255,153,1,186,41,167,245,70,246,103,46,0.1926,0.1681,0.4467
1590503181.9000654,219,255,85,254,109,3,219,1,28,1,231,253,1,0,255,255,255,255,126,16,223,255,153,1,186,41,167,245,70,246,103,46,0.1838,0.1544,0.4223
1590503181.9082327,217,255,87,254,91,3,219,1,28,1,231,253,0,0,253,255,1,0,126,16,223,255,153,1,186,41,167,245,70,246,103,46,0.1838,0.1544,0.4223
1590503181.9190376,219,255,87,254,100,3,219,1,28,1,231,253,3,0,252,255,2,0,126,16,223,255,153,1,186,41,167,245,70,246,103,46,0.1926,0.1505,0.4545
1590503181.9343958,219,255,85,254,108,3,219,1,28,1,231,253,1,0,251,255,253,255,126,16,223,255,153,1,186,41,167,245,70,246,103,46,0.2131,0.1544,0.4545
1590503181.940441,217,255,86,254,108,3,219,1,35,1,237,253,0,0,253,255,1,0,126,16,223,255,153,1,186,41,167,245,70,246,103,46,0.2131,0.1544,0.4223
1590503181.9522939,218,255,86,254,112,3,219,1,35,1,237,253,2,0,251,255,0,0,126,16,223,255,153,1,186,41,167,245,70,246,103,46,0.1935,0.1554,0.4516
1590503181.958226,219,255,86,254,105,3,219,1,35,1,237,253,1,0,255,255,254,255,126,16,223,255,153,1,186,41,167,245,70,246,103,46,0.1935,0.1554,0.4516
1590503181.9718032,217,255,86,254,111,3,219,1,35,1,237,253,4,0,2,0,255,255,126,16,223,255,153,1,186,41,167,245,70,246,103,46,0.2219,0.1593,0.4213
1590503181.9806514,218,255,85,254,113,3,219,1,35,1,237,253,1,0,3,0,0,0,126,16,223,255,153,1,186,41,167,245,70,246,103,46,0.2219,0.1593,0.4213
1590503181.9915013,219,255,86,254,112,3,219,1,22,1,250,253,1,0,3,0,255,255,126,16,223,255,153,1,186,41,167,245,70,246,103,46,0.1896,0.1603,0.4516
1590503181.9973514,218,255,84,254,108,3,219,1,22,1,250,253,3,0,3,0,254,255,126,16,223,255,153,1,186,41,167,245,70,246,103,46,0.1896,0.1603,0.4516
1590503182.0079055,219,255,86,254,97,3,219,1,22,1,250,253,0,0,253,255,1,0,126,16,223,255,153,1,186,41,167,245,70,246,103,46,0.2141,0.1603,0.4516
1590503182.0177875,218,255,84,254,99,3,219,1,22,1,250,253,2,0,251,255,0,0,126,16,223,255,153,1,186,41,167,245,70,246,103,46,0.2141,0.1632,0.4213
1590503182.0303679,218,255,85,254,106,3,219,1,22,1,250,253,255,255,250,255,1,0,126,16,223,255,153,1,186,41,167,245,70,246,103,46,0.2092,0.1623,0.4213
1590503182.0383086,221,255,86,254,108,3,219,1,28,1,244,253,255,255,249,255,0,0,126,16,223,255,153,1,186,41,167,245,70,246,103,46,0.2092,0.1623,0.5054
1590503182.0518308,220,255,85,254,110,3,219,1,28,1,244,253,0,0,253,255,255,255,126,16,223,255,153,1,186,41,167,245,70,246,103,46,0.2317,0.1642,0.4213
1590503182.057895,218,255,85,254,101,3,219,1,28,1,244,253,1,0,255,255,255,255,126,16,223,255,153,1,186,41,167,245,70,246,103,46,0.2317,0.1642,0.4213
1590503182.071112,219,255,85,254,107,3,219,1,28,1,244,253,255,255,3,0,0,0,126,16,223,255,153,1,186,41,167,245,70,246,103,46,0.2336,0.1642,0.5122
1590503182.0843241,219,255,86,254,111,3,219,1,28,1,244,253,255,255,3,0,1,0,126,16,223,255,153,1,186,41,167,245,70,246,103,46,0.218,0.1691,0.5122
1590503182.090573,219,255,86,254,114,3,225,1,28,1,244,253,1,0,4,0,2,0,126,16,223,255,153,1,186,41,167,245,70,246,103,46,0.218,0.1691,0.4213
1590503182.1003332,217,255,86,254,105,3,225,1,28,1,244,253,1,0,6,0,2,0,126,16,223,255,153,1,186,41,167,245,70,246,103,46,0.2219,0.1691,0.4213
1590503182.1091511,218,255,86,254,99,3,225,1,28,1,244,253,2,0,0,0,1,0,126,16,223,255,153,1,186,41,167,245,70,246,103,46,0.2219,0.1701,0.5142
1590503182.1239293,217,255,86,254,104,3,225,1,28,1,244,253,0,0,253,255,1,0,126,16,223,255,153,1,186,41,167,245,70,246,103,46,0.216,0.172,0.4213
1590503182.1311865,217,255,85,254,110,3,225,1,28,1,244,253,3,0,255,255,0,0,126,16,223,255,153,1,186,41,167,245,70,246,103,46,0.216,0.172,0.4213
1590503182.1384916,216,255,86,254,114,3,225,1,17,1,237,253,0,0,251,255,253,255,126,16,223,255,153,1,186,41,167,245,70,246,103,46,0.216,0.172,0.4213
1590503182.1488655,218,255,84,254,109,3,225,1,17,1,237,253,1,0,250,255,255,255,126,16,223,255,153,1,186,41,167,245,70,246,103,46,0.2454,0.172,0.5152
1590503182.1588416,219,255,87,254,100,3,225,1,17,1,237,253,1,0,250,255,1,0,126,16,223,255,153,1,186,41,167,245,70,246,103,46,0.2493,0.172,0.5152
1590503182.1683266,218,255,87,254,107,3,225,1,17,1,237,253,0,0,0,0,255,255,126,16,223,255,153,1,186,41,167,245,70,246,103,46,0.2493,0.1769,0.4223
1590503182.1829667,219,255,85,254,110,3,225,1,17,1,237,253,255,255,2,0,2,0,126,16,223,255,153,1,186,41,167,245,70,246,103,46,0.1711,0.1955,0.4604
1590503182.1893,219,255,85,254,111,3,208,1,22,1,244,253,253,255,5,0,3,0,126,16,223,255,153,1,186,41,167,245,70,246,103,46,0.1711,0.1955,0.4604
1590503182.199233,217,255,85,254,112,3,208,1,22,1,244,253,1,0,5,0,2,0,126,16,223,255,153,1,186,41,167,245,70,246,103,46,0.1632,0.1955,0.4604
1590503182.208334,217,255,86,254,97,3,208,1,22,1,244,253,255,255,4,0,3,0,126,16,223,255,153,1,186,41,167,245,70,246,103,46,0.1632,0.1838,0.4213
1590503182.2188404,219,255,86,254,106,3,208,1,22,1,244,253,1,0,1,0,0,0,126,16,223,255,153,1,186,41,167,245,70,246,103,46,0.1427,0.2033,0.4213
1590503182.2315314,220,255,88,254,106,3,208,1,22,1,244,253,254,255,254,255,2,0,126,16,223,255,153,1,186,41,167,245,70,246,103,46,0.1427,0.2033,0.4585
1590503182.2429445,218,255,84,254,113,3,232,1,28,1,224,253,255,255,254,255,0,0,126,16,223,255,153,1,186,41,167,245,70,246,103,46,0.1173,0.1867,0.4233
1590503182.2491524,217,255,85,254,110,3,232,1,28,1,224,253,1,0,255,255,1,0,126,16,223,255,153,1,186,41,167,245,70,246,103,46,0.1173,0.1867,0.4233
1590503182.2588925,220,255,85,254,102,3,232,1,28,1,224,253,253,255,253,255,2,0,126,16,223,255,153,1,186,41,167,245,70,246,103,46,0.1251,0.2121,0.4233
1590503182.2735066,218,255,87,254,101,3,232,1,28,1,224,253,253,255,252,255,4,0,126,16,223,255,153,1,186,41,167,245,70,246,103,46,0.1329,0.2375,0.4233
1590503182.2815735,218,255,85,254,108,3,232,1,28,1,224,253,254,255,254,255,1,0,126,16,223,255,153,1,186,41,167,245,70,246,103,46,0.1329,0.2375,0.4233
1590503182.2939458,219,255,87,254,106,3,219,1,28,1,244,253,255,255,4,0,0,0,126,16,223,255,153,1,186,41,167,245,70,246,103,46,0.0117,0.2307,0.4321
1590503182.299967,220,255,86,254,107,3,219,1,28,1,244,253,0,0,4,0,2,0,126,16,223,255,153,1,186,41,167,245,70,246,103,46,0.0117,0.2307,0.4321
1590503182.312761,220,255,85,254,101,3,219,1,28,1,244,253,0,0,4,0,2,0,126,16,223,255,153,1,186,41,167,245,70,246,103,46,0.0068,0.2239,0.4252
1590503182.319264,219,255,85,254,105,3,219,1,28,1,244,253,255,255,1,0,254,255,126,16,223,255,153,1,186,41,167,245,70,246,103,46,0.0068,0.2239,0.4252
1590503182.3320754,219,255,87,254,108,3,219,1,28,1,244,253,255,255,2,0,255,255,126,16,223,255,153,1,186,41,167,245,70,246,103,46,0.1398,0.219,0.4252
1590503182.3392334,217,255,87,254,112,3,219,1,17,1,237,253,1,0,0,0,0,0,126,16,223,255,153,1,186,41,167,245,70,246,103,46,0.1398,0.219,0.436
1590503182.3497803,218,255,85,254,109,3,219,1,17,1,237,253,2,0,253,255,1,0,126,16,223,255,153,1,186,41,167,245,70,246,103,46,0.1212,0.219,0.436
1590503182.3667033,220,255,87,254,101,3,219,1,17,1,237,253,2,0,0,0,0,0,126,16,223,255,153,1,186,41,167,245,70,246,103,46,0.1926,0.2131,0.4262
1590503182.3735974,217,255,86,254,102,3,219,1,17,1,237,253,255,255,0,0,255,255,126,16,223,255,153,1,186,41,167,245,70,246,103,46,0.1926,0.1877,0.4262
1590503182.3828216,222,255,86,254,105,3,219,1,17,1,237,253,1,0,251,255,1,0,126,16,223,255,153,1,186,41,167,245,70,246,103,46,0.1926,0.1877,0.4633
1590503182.3940127,220,255,85,254,108,3,214,1,22,1,231,253,0,0,254,255,0,0,126,16,223,255,153,1,186,41,167,245,70,246,103,46,0.1593,0.1681,0.4565
1590503182.400025,218,255,87,254,109,3,214,1,22,1,231,253,253,255,253,255,0,0,126,16,223,255,153,1,186,41,167,245,70,246,103,46,0.1593,0.1681,0.4565
1590503182.4104998,219,255,86,254,104,3,214,1,22,1,231,253,254,255,254,255,1,0,126,16,223,255,153,1,186,41,167,245,70,246,103,46,0.1652,0.174,0.4565
1590503182.4196239,219,255,85,254,108,3,214,1,22,1,231,253,255,255,3,0,255,255,126,16,223,255,153,1,186,41,167,245,70,246,103,46,0.1652,0.174,0.4487
1590503182.432451,220,255,86,254,112,3,214,1,22,1,231,253,254,255,3,0,254,255,126,16,223,255,153,1,186,41,167,245,70,246,103,46,0.1593,0.173,0.5073
1590503182.4442742,220,255,85,254,110,3,208,1,28,1,212,253,0,0,2,0,1,0,126,16,223,255,153,1,186,41,167,245,70,246,103,46,0.1965,0.1701,0.5073
1590503182.4502091,219,255,86,254,114,3,208,1,28,1,212,253,254,255,1,0,0,0,126,16,223,255,153,1,186,41,167,245,70,246,103,46,0.1965,0.1701,0.4184
1590503182.4603732,217,255,85,254,105,3,208,1,28,1,212,253,255,255,1,0,1,0,126,16,223,255,153,1,186,41,167,245,70,246,103,46,0.1965,0.1701,0.4184
1590503182.4731693,220,255,86,254,104,3,208,1,28,1,212,253,254,255,1,0,255,255,126,16,223,255,153,1,186,41,167,245,70,246,103,46,0.1965,0.1701,0.4751
1590503182.4830983,219,255,86,254,109,3,208,1,28,1,212,253,255,255,253,255,255,255,126,16,223,255,153,1,186,41,167,245,70,246,103,46,0.2131,0.1701,0.4751
1590503182.4899206,220,255,83,254,109,3,214,1,28,1,231,253,255,255,253,255,254,255,126,16,223,255,153,1,186,41,167,245,70,246,103,46,0.2131,0.1574,0.4213
1590503182.5046477,218,255,86,254,106,3,214,1,28,1,231,253,0,0,251,255,255,255,126,16,223,255,153,1,186,41,167,245,70,246,103,46,0.2121,0.1447,0.4262
1590503182.5110178,220,255,85,254,96,3,214,1,28,1,231,253,0,0,254,255,1,0,126,16,223,255,153,1,186,41,167,245,70,246,103,46,0.2121,0.1447,0.4262
1590503182.5247877,219,255,87,254,99,3,214,1,28,1,231,253,0,0,1,0,1,0,126,16,223,255,153,1,186,41,167,245,70,246,103,46,0.2043,0.1535,0.4213
1590503182.5333107,217,255,85,254,110,3,214,1,28,1,231,253,3,0,0,0,1,0,126,16,223,255,153,1,186,41,167,245,70,246,103,46,0.2043,0.1535,0.4213
1590503182.545008,219,255,85,254,111,3,208,1,22,1,244,253,2,0,4,0,255,255,126,16,223,255,153,1,186,41,167,245,70,246,103,46,0.2043,0.172,0.4242
1590503182.551306,219,255,85,254,113,3,208,1,22,1,244,253,1,0,4,0,1,0,126,16,223,255,153,1,186,41,167,245,70,246,103,46,0.2043,0.172,0.4242
1590503182.5614362,219,255,85,254,104,3,208,1,22,1,244,253,0,0,5,0,1,0,126,16,223,255,153,1,186,41,167,245,70,246,103,46,0.2033,0.1623,0.4242
1590503182.57164,218,255,84,254,107,3,208,1,22,1,244,253,0,0,1,0,1,0,126,16,223,255,153,1,186,41,167,245,70,246,103,46,0.2033,0.1623,0.4213
1590503182.5830812,215,255,85,254,111,3,208,1,22,1,244,253,1,0,0,0,2,0,126,16,223,255,153,1,186,41,167,245,70,246,103,46,0.1877,0.1867,0.4223
1590503182.5910025,217,255,87,254,112,3,214,1,28,1,250,253,255,255,254,255,2,0,126,16,223,255,153,1,186,41,167,245,70,246,103,46,0.1877,0.1867,0.4223
1590503182.6029544,219,255,84,254,105,3,214,1,28,1,250,253,255,255,253,255,254,255,126,16,223,255,153,1,186,41,167,245,70,246,103,46,0.2092,0.1711,0.4223
1590503182.6105485,220,255,85,254,99,3,214,1,28,1,250,253,255,255,251,255,255,255,126,16,223,255,153,1,186,41,167,245,70,246,103,46,0.2092,0.1711,0.4223
1590503182.6219146,219,255,86,254,104,3,214,1,28,1,250,253,255,255,252,255,254,255,126,16,223,255,153,1,186,41,167,245,70,246,103,46,0.1769,0.1769,0.4213
1590503182.6341648,220,255,85,254,106,3,214,1,28,1,250,253,0,0,253,255,1,0,126,16,223,255,153,1,186,41,167,245,70,246,103,46,0.2111,0.1769,0.4213
1590503182.6417317,218,255,85,254,111,3,201,1,28,1,231,253,255,255,0,0,2,0,126,16,223,255,153,1,186,41,167,245,70,246,103,46,0.2111,0.1799,0.4213
1590503182.6544929,217,255,85,254,106,3,201,1,28,1,231,253,0,0,4,0,0,0,126,16,223,255,153,1,186,41,167,245,70,246,103,46,0.2043,0.1769,0.4223
1590503182.661013,220,255,85,254,98,3,201,1,28,1,231,253,2,0,2,0,0,0,126,16,223,255,153,1,186,41,167,245,70,246,103,46,0.2043,0.1769,0.4174
1590503182.6742918,217,255,86,254,105,3,201,1,28,1,231,253,2,0,4,0,3,0,126,16,223,255,153,1,186,41,167,245,70,246,103,46,0.2102,0.1808,0.4174
1590503182.684022,217,255,85,254,107,3,201,1,28,1,231,253,1,0,4,0,3,0,126,16,223,255,153,1,186,41,167,245,70,246,103,46,0.2102,0.1808,0.4184
1590503182.6954482,218,255,85,254,110,3,225,1,35,1,244,253,2,0,2,0,0,0,126,16,223,255,153,1,186,41,167,245,70,246,103,46,0.1838,0.1769,0.4213
1590503182.7020583,219,255,86,254,112,3,225,1,35,1,244,253,2,0,0,0,0,0,126,16,223,255,153,1,186,41,167,245,70,246,103,46,0.1838,0.1769,0.4213
1590503182.7145743,218,255,87,254,100,3,225,1,35,1,244,253,3,0,252,255,255,255,126,16,223,255,153,1,186,41,167,245,70,246,103,46,0.2023,0.1769,0.4194
1590503182.7209804,220,255,87,254,106,3,225,1,35,1,244,253,0,0,252,255,1,0,126,16,223,255,153,1,186,41,167,245,70,246,103,46,0.2023,0.1769,0.4194
1590503182.7338095,220,255,87,254,110,3,225,1,35,1,244,253,0,0,0,0,0,0,126,16,223,255,153,1,186,41,167,245,70,246,103,46,0.1906,0.176,0.4194
1590503182.7418456,220,255,88,254,111,3,201,1,35,1,237,253,0,0,255,255,254,255,126,16,223,255,153,1,186,41,167,245,70,246,103,46,0.1906,0.176,0.4213
1590503182.7539706,217,255,85,254,107,3,201,1,35,1,237,253,2,0,1,0,254,255,126,16,223,255,153,1,186,41,167,245,70,246,103,46,0.218,0.176,0.4721
1590503182.761262,216,255,86,254,99,3,201,1,35,1,237,253,2,0,0,0,255,255,126,16,223,255,153,1,186,41,167,245,70,246,103,46,0.218,0.176,0.4721
1590503182.7714689,220,255,86,254,98,3,201,1,35,1,237,253,2,0,0,0,2,0,126,16,223,255,153,1,186,41,167,245,70,246,103,46,0.1935,0.1711,0.4721
1590503182.784767,220,255,87,254,104,3,201,1,35,1,237,253,0,0,5,0,254,255,126,16,223,255,153,1,186,41,167,245,70,246,103,46,0.2493,0.1711,0.4203
1590503182.795603,220,255,88,254,108,3,208,1,22,1,224,253,0,0,2,0,1,0,126,16,223,255,153,1,186,41,167,245,70,246,103,46,0.2493,0.1701,0.478
1590503182.806651,219,255,86,254,113,3,208,1,22,1,224,253,2,0,0,0,0,0,126,16,223,255,153,1,186,41,167,245,70,246,103,46,0.2102,0.1642,0.4194
1590503182.8131902,218,255,84,254,105,3,208,1,22,1,224,253,0,0,254,255,1,0,126,16,223,255,153,1,186,41,167,245,70,246,103,46,0.2102,0.1642,0.4194
1590503182.8267233,219,255,87,254,108,3,208,1,22,1,224,253,2,0,254,255,2,0,126,16,223,255,153,1,186,41,167,245,70,246,103,46,0.2014,0.1525,0.4272
1590503182.8348684,218,255,87,254,109,3,208,1,22,1,224,253,254,255,255,255,254,255,126,16,223,255,153,1,186,41,167,245,70,246,103,46,0.2014,0.1525,0.4272
1590503182.8460414,218,255,84,254,113,3,219,1,17,1,237,253,255,255,254,255,0,0,126,16,223,255,153,1,186,41,167,245,70,246,103,46,0.1877,0.1652,0.4233
1590503182.8521225,220,255,85,254,104,3,219,1,17,1,237,253,0,0,0,0,255,255,126,16,223,255,153,1,186,41,167,245,70,246,103,46,0.1877,0.1652,0.4233
1590503182.8657436,219,255,86,254,98,3,219,1,17,1,237,253,0,0,0,0,255,255,126,16,223,255,153,1,186,41,167,245,70,246,103,46,0.2014,0.1828,0.4233
1590503182.8722217,217,255,87,254,102,3,219,1,17,1,237,253,0,0,255,255,255,255,126,16,223,255,153,1,186,41,167,245,70,246,103,46,0.2014,0.1828,0.4233
1590503182.8847556,220,255,85,254,108,3,219,1,17,1,237,253,254,255,253,255,1,0,126,16,223,255,153,1,186,41,167,245,70,246,103,46,0.1838,0.216,0.4233
1590503182.892564,218,255,85,254,112,3,219,1,28,1,244,253,0,0,0,0,1,0,126,16,223,255,153,1,186,41,167,245,70,246,103,46,0.1838,0.216,0.4242
1590503182.9043598,218,255,85,254,111,3,219,1,28,1,244,253,2,0,3,0,0,0,126,16,223,255,153,1,186,41,167,245,70,246,103,46,0.1877,0.2493,0.4242
1590503182.911981,219,255,85,254,102,3,219,1,28,1,244,253,0,0,2,0,1,0,126,16,223,255,153,1,186,41,167,245,70,246,103,46,0.1877,0.2493,0.4242
1590503182.9227493,219,255,86,254,108,3,219,1,28,1,244,253,254,255,0,0,0,0,126,16,223,255,153,1,186,41,167,245,70,246,103,46,0.1926,0.2199,0.4242
1590503182.9347334,218,255,85,254,112,3,219,1,28,1,244,253,0,0,2,0,254,255,126,16,223,255,153,1,186,41,167,245,70,246,103,46,0.1926,0.2199,0.4252
1590503182.9462314,219,255,86,254,111,3,214,1,28,1,244,253,255,255,2,0,0,0,126,16,223,255,153,1,186,41,167,245,70,246,103,46,0.2111,0.2287,0.4252
1590503182.9577355,218,255,85,254,112,3,214,1,28,1,244,253,253,255,1,0,2,0,126,16,223,255,153,1,186,41,167,245,70,246,103,46,0.1926,0.1564,0.4526
1590503182.9644954,218,255,84,254,98,3,214,1,28,1,244,253,1,0,255,255,0,0,126,16,223,255,153,1,186,41,167,245,70,246,103,46,0.1926,0.1564,0.4526
1590503182.9725676,220,255,87,254,103,3,214,1,28,1,244,253,2,0,1,0,255,255,126,16,223,255,153,1,186,41,167,245,70,246,103,46,0.1926,0.1564,0.4526
1590503182.9855065,218,255,86,254,108,3,214,1,28,1,244,253,3,0,253,255,1,0,126,16,223,255,153,1,186,41,167,245,70,246,103,46,0.2258,0.1584,0.4262
1590503182.9933727,219,255,85,254,110,3,219,1,17,1,250,253,0,0,252,255,255,255,126,16,223,255,153,1,186,41,167,245,70,246,103,46,0.2043,0.1584,0.4262
1590503183.002925,220,255,87,254,107,3,219,1,17,1,250,253,0,0,254,255,255,255,126,16,223,255,153,1,186,41,167,245,70,246,103,46,0.2043,0.172,0.4839
1590503183.0167518,220,255,85,254,101,3,219,1,17,1,250,253,255,255,1,0,2,0,126,16,223,255,153,1,186,41,167,245,70,246,103,46,0.2375,0.173,0.4526
1590503183.022461,219,255,83,254,105,3,219,1,17,1,250,253,253,255,6,0,1,0,126,16,223,255,153,1,186,41,167,245,70,246,103,46,0.2375,0.173,0.4526
1590503183.035158,218,255,85,254,106,3,219,1,17,1,250,253,252,255,6,0,2,0,126,16,223,255,153,1,186,41,167,245,70,246,103,46,0.2043,0.173,0.4526
1590503183.043066,219,255,85,254,111,3,225,1,28,1,244,253,2,0,255,255,2,0,126,16,223,255,153,1,186,41,167,245,70,246,103,46,0.2043,0.1662,0.4565
1590503183.055632,218,255,86,254,110,3,225,1,28,1,244,253,0,0,255,255,2,0,126,16,223,255,153,1,186,41,167,245,70,246,103,46,0.2102,0.1799,0.4487
1590503183.0630813,218,255,87,254,101,3,225,1,28,1,244,253,255,255,253,255,0,0,126,16,223,255,153,1,186,41,167,245,70,246,103,46,0.2102,0.1799,0.4487
1590503183.0735004,219,255,85,254,109,3,225,1,28,1,244,253,254,255,252,255,255,255,126,16,223,255,153,1,186,41,167,245,70,246,103,46,0.2043,0.1877,0.4487
1590503183.0857644,218,255,85,254,108,3,225,1,28,1,244,253,254,255,250,255,0,0,126,16,223,255,153,1,186,41,167,245,70,246,103,46,0.2043,0.1877,0.4829
1590503183.0967185,218,255,87,254,113,3,219,1,17,1,250,253,254,255,0,0,255,255,126,16,223,255,153,1,186,41,167,245,70,246,103,46,0.2023,0.1799,0.4194
1590503183.1056964,217,255,82,254,105,3,219,1,17,1,250,253,255,255,0,0,255,255,126,16,223,255,153,1,186,41,167,245,70,246,103,46,0.2004,0.1799,0.4194
1590503183.1137388,219,255,85,254,97,3,219,1,17,1,250,253,251,255,254,255,1,0,126,16,223,255,153,1,186,41,167,245,70,246,103,46,0.2004,0.1779,0.4194
1590503183.1228287,219,255,85,254,103,3,219,1,17,1,250,253,253,255,255,255,0,0,126,16,223,255,153,1,186,41,167,245,70,246,103,46,0.2004,0.1779,0.4829
1590503183.135675,219,255,87,254,104,3,219,1,17,1,250,253,249,255,253,255,255,255,126,16,223,255,153,1,186,41,167,245,70,246,103,46,0.1984,0.1642,0.4174
1590503183.1432269,219,255,85,254,113,3,201,1,22,1,250,253,244,255,243,255,253,255,126,16,223,255,153,1,186,41,167,245,68,246,103,46,0.1984,0.1642,0.4174
1590503183.1548102,218,255,85,254,113,3,201,1,22,1,250,253,244,255,244,255,0,0,126,16,223,255,153,1,186,41,167,245,67,246,103,46,0.1965,0.1603,0.5875
1590503183.1676621,216,255,86,254,99,3,201,1,22,1,250,253,244,255,244,255,0,0,126,16,224,255,153,1,185,41,167,245,65,246,103,46,0.2063,0.1584,0.4213
1590503183.1740394,217,255,88,254,106,3,201,1,22,1,250,253,244,255,244,255,0,0,126,16,224,255,153,1,185,41,167,245,64,246,103,46,0.2063,0.1584,0.4213
1590503183.1861935,217,255,85,254,112,3,201,1,22,1,250,253,237,255,236,255,253,255,126,16,224,255,153,1,185,41,168,245,62,246,103,46,0.2043,0.1584,0.4213
1590503183.1938205,217,255,86,254,110,3,201,1,28,1,237,253,244,255,238,255,0,0,126,16,224,255,153,1,184,41,168,245,60,246,103,46,0.2043,0.1955,0.4291
1590503183.2061355,213,255,91,254,113,3,201,1,28,1,237,253,247,255,237,255,10,0,126,16,224,255,153,1,183,41,169,245,59,246,104,46,0.1945,0.1613,0.4213
1590503183.2132454,207,255,96,254,96,3,201,1,28,1,237,253,240,255,246,255,29,0,126,16,224,255,153,1,181,41,168,245,58,246,105,46,0.1945,0.1613,0.4213
1590503183.2234497,209,255,141,254,77,3,201,1,28,1,237,253,220,255,1,0,60,0,125,16,224,255,154,1,177,41,166,245,56,246,108,46,0.1926,0.1613,0.4213
1590503183.2353356,194,255,194,254,82,3,201,1,28,1,237,253,137,255,45,0,121,0,124,16,223,255,155,1,168,41,154,245,53,246,113,46,0.1926,0.2151,0.4282
1590503183.2440798,204,255,213,254,103,3,208,1,22,1,250,253,50,255,84,0,209,0,122,16,221,255,157,1,153,41,135,245,48,246,121,46,0.1975,0.1779,0.4282
1590503183.2541158,210,255,252,254,204,3,208,1,22,1,250,253,71,255,79,0,93,1,119,16,219,255,158,1,130,41,115,245,46,246,137,46,0.1975,0.1779,0.4213
1590503183.264118,204,255,248,254,152,3,208,1,22,1,250,253,26,0,179,255,237,1,114,16,218,255,158,1,98,41,114,245,50,246,166,46,0.1965,0.2219,0.4213
1590503183.273488,198,255,244,254,48,3,208,1,22,1,250,253,4,0,237,255,147,2,108,16,215,255,158,1,56,41,107,245,58,246,203,46,0.1965,0.2219,0.4262
1590503183.285406,203,255,232,254,141,3,208,1,22,1,250,253,197,255,176,255,34,3,100,16,212,255,158,1,3,41,98,245,62,246,248,46,0.1144,0.1789,0.4223
1590503183.293071,200,255,233,254,100,3,214,1,28,1,237,253,8,0,186,255,181,3,90,16,209,255,158,1,198,40,90,245,71,246,45,47,0.1144,0.1789,0.4223
1590503183.3074393,200,255,232,254,89,3,214,1,28,1,237,253,231,255,168,255,49,4,80,16,205,255,157,1,128,40,80,245,80,246,105,47,0.1095,0.2375,0.4282
1590503183.3150716,202,255,228,254,123,3,214,1,28,1,237,253,225,255,158,255,168,4,68,16,201,255,157,1,49,40,69,245,90,246,171,47,0.0919,0.2375,0.4282
1590503183.3251305,199,255,227,254,89,3,214,1,28,1,237,253,247,255,159,255,16,5,55,16,197,255,156,1,220,39,59,245,104,246,243,47,0.0919,0.1857,0.4213
1590503183.3376818,200,255,232,254,119,3,214,1,28,1,237,253,206,255,134,255,108,5,41,16,192,255,154,1,130,39,57,245,125,246,65,48,0.0743,0.1857,0.4213
1590503183.3446298,196,255,229,254,103,3,225,1,11,1,0,254,186,255,99,255,191,5,27,16,187,255,153,1,32,39,52,245,141,246,147,48,0.0743,0.2033,0.4242
1590503183.3601959,184,255,201,254,153,3,225,1,11,1,0,254,167,255,74,255,16,6,11,16,182,255,152,1,183,38,45,245,153,246,231,48,0.0929,0.1789,0.4174
1590503183.3661058,185,255,204,254,124,3,225,1,11,1,0,254,225,255,135,255,115,6,251,15,177,255,150,1,72,38,32,245,171,246,63,49,0.0929,0.1789,0.4174
1590503183.3745317,183,255,213,254,88,3,225,1,11,1,0,254,251,255,115,255,186,6,234,15,171,255,149,1,211,37,20,245,190,246,154,49,0.1642,0.1789,0.4174
1590503183.387529,176,255,209,254,102,3,225,1,11,1,0,254,193,255,105,255,0,7,216,15,165,255,148,1,88,37,5,245,204,246,247,49,0.1642,0.2023,0.4213
1590503183.398389,181,255,203,254,117,3,248,1,235,0,0,254,228,255,97,255,71,7,198,15,158,255,146,1,215,36,247,244,222,246,86,50,0.1535,0.1808,0.4184
1590503183.404982,171,255,204,254,87,3,248,1,235,0,0,254,239,255,102,255,134,7,179,15,152,255,145,1,81,36,233,244,242,246,183,50,0.1535,0.1808,0.4184
1590503183.4184172,173,255,198,254,104,3,248,1,235,0,0,254,202,255,69,255,185,7,159,15,145,255,143,1,198,35,219,244,3,247,26,51,0.0587,0.2063,0.4125
1590503183.4247193,165,255,200,254,112,3,248,1,235,0,0,254,210,255,92,255,248,7,139,15,138,255,141,1,54,35,204,244,23,247,126,51,0.0587,0.2063,0.4125
1590503183.4367244,159,255,196,254,102,3,248,1,235,0,0,254,223,255,93,255,49,8,119,15,131,255,139,1,161,34,188,244,44,247,227,51,0.0616,0.1769,0.4086
1590503183.4448886,149,255,185,254,127,3,254,1,201,0,237,253,206,255,82,255,103,8,97,15,124,255,137,1,7,34,173,244,66,247,72,52,0.0616,0.1769,0.4086
1590503183.4548295,144,255,183,254,125,3,254,1,201,0,237,253,234,255,93,255,170,8,75,15,117,255,134,1,103,33,157,244,91,247,176,52,0.1095,0.2082,0.4086
1590503183.4672556,131,255,173,254,111,3,254,1,201,0,237,253,219,255,90,255,223,8,53,15,109,255,131,1,194,32,141,244,116,247,23,53,0.131,0.2082,0.3988
1590503183.4781868,128,255,174,254,109,3,254,1,201,0,237,253,224,255,89,255,13,9,30,15,101,255,128,1,25,32,125,244,142,247,127,53,0.131,0.1789,0.4457
1590503183.4915898,128,255,186,254,99,3,254,1,201,0,237,253,214,255,74,255,59,9,7,15,94,255,124,1,107,31,110,244,168,247,231,53,0.1369,0.217,0.3773
1590503183.4972098,122,255,182,254,113,3,4,2,152,0,224,253,189,255,58,255,103,9,239,14,86,255,121,1,183,30,95,244,192,247,78,54,0.1369,0.217,0.3773
1590503183.505883,114,255,182,254,113,3,4,2,152,0,224,253,216,255,57,255,150,9,215,14,79,255,117,1,0,30,80,244,220,247,182,54,0.1369,0.217,0.3773
1590503183.517482,114,255,191,254,122,3,4,2,152,0,224,253,223,255,63,255,191,9,191,14,71,255,113,1,68,29,66,244,249,247,28,55,0.1349,0.1867,0.4321
1590503183.5265841,127,255,216,254,104,3,4,2,152,0,224,253,228,255,57,255,224,9,166,14,63,255,108,1,132,28,53,244,23,248,130,55,0.1584,0.1867,0.4321
1590503183.53672,113,255,204,254,122,3,4,2,152,0,224,253,200,255,65,255,238,9,141,14,55,255,103,1,194,27,38,244,52,248,229,55,0.1584,0.1838,0.3519
1590503183.5489163,108,255,214,254,120,3,16,2,92,0,191,253,223,255,62,255,229,9,116,14,48,255,98,1,255,26,25,244,83,248,70,56,0.1701,0.218,0.3587
1590503183.5552874,133,255,242,254,125,3,16,2,92,0,191,253,219,255,107,255,217,9,91,14,40,255,93,1,61,26,9,244,116,248,162,56,0.1701,0.218,0.3587
1590503183.5680566,117,255,239,254,79,3,16,2,92,0,191,253,244,255,40,255,168,9,67,14,33,255,88,1,125,25,1,244,147,248,252,56,0.2287,0.1828,0.3587
1590503183.5756106,73,255,202,254,186,3,16,2,92,0,191,253,152,255,42,255,105,9,43,14,26,255,83,1,191,24,246,243,171,248,80,57,0.2287,0.1828,0.3294
1590503183.5898626,84,255,228,254,106,3,16,2,92,0,191,253,232,255,68,255,63,9,19,14,20,255,78,1,5,24,236,243,201,248,161,57,0.2092,0.2414,0.3343
1590503183.5959966,82,255,237,254,91,3,20,2,33,0,199,253,227,255,100,255,3,9,253,13,13,255,72,1,78,23,225,243,232,248,237,57,0.2092,0.2414,0.3343
1590503183.6051629,55,255,221,254,143,3,20,2,33,0,199,253,194,255,61,255,171,8,231,13,8,255,67,1,157,22,217,243,1,249,53,58,0.2395,0.2414,0.3343
1590503183.6153128,47,255,225,254,98,3,20,2,33,0,199,253,224,255,86,255,107,8,210,13,2,255,62,1,241,21,210,243,29,249,120,58,0.2395,0.2141,0.2923
1590503183.625789,48,255,231,254,112,3,20,2,33,0,199,253,226,255,86,255,35,8,189,13,253,254,56,1,74,21,203,243,56,249,184,58,0.2053,0.2141,0.2923
1590503183.6371572,37,255,216,254,164,3,20,2,33,0,199,253,234,255,95,255,231,7,169,13,248,254,51,1,168,20,197,243,83,249,243,58,0.2053,0.1877,0.2942
1590503183.6486452,52,255,237,254,116,3,19,2,242,255,172,253,11,0,116,255,182,7,150,13,243,254,45,1,9,20,191,243,113,249,44,59,0.1935,0.1642,0.2414
1590503183.6562662,52,255,246,254,112,3,19,2,242,255,172,253,233,255,129,255,131,7,131,13,238,254,40,1,109,19,183,243,139,249,97,59,0.1935,0.1642,0.2414
1590503183.6686113,51,255,252,254,96,3,19,2,242,255,172,253,214,255,104,255,73,7,113,13,234,254,35,1,213,18,178,243,163,249,148,59,0.2092,0.1818,0.2336
1590503183.6763995,38,255,12,255,101,3,19,2,242,255,172,253,228,255,116,255,26,7,95,13,230,254,30,1,65,18,173,243,188,249,195,59,0.1926,0.1818,0.2336
1590503183.6873496,26,255,12,255,115,3,19,2,242,255,172,253,230,255,137,255,217,6,78,13,226,254,25,1,178,17,168,243,212,249,240,59,0.1926,0.175,0.2053
1590503183.6995587,48,255,34,255,124,3,227,1,189,255,140,253,218,255,84,255,126,6,61,13,222,254,20,1,41,17,167,243,232,249,25,60,0.218,0.1711,0.2014
1590503183.7056687,48,255,39,255,131,3,227,1,189,255,140,253,208,255,128,255,37,6,46,13,219,254,15,1,167,16,163,243,252,249,63,60,0.218,0.1711,0.2014
1590503183.7205677,19,255,38,255,111,3,227,1,189,255,140,253,228,255,149,255,196,5,31,13,216,254,11,1,45,16,160,243,16,250,97,60,0.1779,0.1672,0.172
1590503183.7269208,15,255,38,255,137,3,227,1,189,255,140,253,232,255,142,255,96,5,18,13,213,254,7,1,188,15,157,243,34,250,129,60,0.1779,0.1672,0.172
1590503183.740226,6,255,40,255,131,3,227,1,189,255,140,253,245,255,165,255,0,5,5,13,210,254,3,1,82,15,155,243,53,250,157,60,0.1848,0.1779,0.1799
1590503183.745503,5,255,43,255,123,3,219,1,152,255,140,253,240,255,174,255,172,4,250,12,208,254,255,0,239,14,152,243,70,250,183,60,0.1848,0.1779,0.1799
1590503183.756259,10,255,48,255,126,3,219,1,152,255,140,253,237,255,173,255,91,4,239,12,206,254,252,0,146,14,150,243,85,250,206,60,0.1711,0.1779,0.1799
1590503183.7675312,30,255,64,255,95,3,219,1,152,255,140,253,240,255,174,255,23,4,228,12,204,254,248,0,59,14,148,243,100,250,228,60,0.1711,0.176,0.173
1590503183.7771254,241,254,44,255,127,3,219,1,152,255,140,253,227,255,187,255,217,3,219,12,203,254,245,0,234,13,154,243,115,250,249,60,0.172,0.1681,0.173
1590503183.7910733,239,254,54,255,131,3,219,1,152,255,140,253,243,255,188,255,167,3,210,12,202,254,241,0,157,13,160,243,130,250,13,61,0.173,0.1681,0.176
1590503183.7982635,236,254,60,255,99,3,201,1,138,255,140,253,251,255,207,255,116,3,201,12,201,254,238,0,84,13,163,243,146,250,32,61,0.173,0.1681,0.176
1590503183.8063376,254,254,71,255,129,3,201,1,138,255,140,253,217,255,171,255,41,3,193,12,199,254,236,0,16,13,164,243,155,250,47,61,0.173,0.1681,0.1906
1590503183.8161798,252,254,60,255,140,3,201,1,138,255,140,253,223,255,176,255,232,2,186,12,198,254,233,0,209,12,164,243,163,250,61,61,0.1711,0.172,0.1906
1590503183.8276317,247,254,70,255,104,3,201,1,138,255,140,253,5,0,223,255,174,2,179,12,197,254,231,0,152,12,162,243,174,250,74,61,0.1711,0.172,0.176
1590503183.8391728,229,254,65,255,127,3,201,1,138,255,140,253,252,255,213,255,92,2,173,12,197,254,228,0,102,12,170,243,186,250,86,61,0.1711,0.172,0.1877
1590503183.851816,233,254,59,255,142,3,176,1,119,255,108,253,234,255,211,255,8,2,168,12,197,254,226,0,58,12,177,243,195,250,97,61,0.1603,0.1672,0.172
1590503183.859313,238,254,67,255,116,3,176,1,119,255,108,253,249,255,236,255,188,1,164,12,197,254,224,0,22,12,183,243,204,250,107,61,0.1603,0.1672,0.172
1590503183.86992,9,255,84,255,89,3,176,1,119,255,108,253,252,255,248,255,126,1,160,12,197,254,222,0,247,11,190,243,214,250,115,61,0.1613,0.1877,0.172
1590503183.8771021,254,254,80,255,136,3,176,1,119,255,108,253,240,255,216,255,58,1,157,12,198,254,221,0,221,11,203,243,221,250,123,61,0.1613,0.1877,0.1857
1590503183.889404,241,254,71,255,128,3,176,1,119,255,108,253,238,255,242,255,254,0,154,12,198,254,219,0,200,11,213,243,227,250,130,61,0.172,0.1877,0.1857
1590503183.8970952,236,254,73,255,119,3,174,1,82,255,76,253,0,0,0,0,196,0,153,12,199,254,218,0,184,11,220,243,233,250,135,61,0.172,0.1711,0.1877
1590503183.9105704,232,254,71,255,128,3,174,1,82,255,76,253,249,255,15,0,125,0,151,12,199,254,217,0,174,11,225,243,239,250,138,61,0.172,0.2023,0.1867
1590503183.9168625,235,254,69,255,118,3,174,1,82,255,76,253,248,255,253,255,51,0,151,12,200,254,216,0,170,11,232,243,242,250,140,61,0.172,0.2023,0.1867
1590503183.9308207,219,254,65,255,117,3,174,1,82,255,76,253,240,255,13,0,233,255,151,12,200,254,216,0,172,11,235,243,242,250,141,61,0.1642,0.1711,0.2063
1590503183.9398067,1,255,81,255,151,3,174,1,82,255,76,253,237,255,6,0,160,255,152,12,201,254,216,0,180,11,245,243,242,250,141,61,0.1642,0.1711,0.2063
1590503183.9485338,245,254,76,255,145,3,161,1,28,255,69,253,1,0,51,0,104,255,154,12,202,254,216,0,194,11,251,243,244,250,140,61,0.1564,0.1789,0.2063
1590503183.956368,45,255,107,255,63,3,161,1,28,255,69,253,5,0,58,0,47,255,156,12,202,254,217,0,212,11,248,243,242,250,135,61,0.1564,0.1789,0.1896
1590503183.9700449,3,255,77,255,112,3,161,1,28,255,69,253,240,255,14,0,229,254,158,12,202,254,218,0,235,11,248,243,236,250,131,61,0.1642,0.1632,0.2023
1590503183.977604,247,254,67,255,183,3,161,1,28,255,69,253,228,255,66,0,172,254,162,12,203,254,219,0,7,12,245,243,229,250,124,61,0.1642,0.1632,0.2023
1590503183.988971,5,255,85,255,80,3,161,1,28,255,69,253,28,0,93,0,132,254,166,12,203,254,220,0,40,12,240,243,227,250,116,61,0.1818,0.1681,0.1838
1590503183.996196,4,255,69,255,184,3,140,1,16,255,114,253,240,255,47,0,64,254,170,12,203,254,222,0,77,12,239,243,219,250,108,61,0.1818,0.1681,0.1838
1590503184.0075634,56,255,105,255,24,3,140,1,16,255,114,253,248,255,104,0,14,254,175,12,203,254,224,0,119,12,234,243,213,250,98,61,0.173,0.1564,0.2102
1590503184.0226912,30,255,60,255,226,3,140,1,16,255,114,253,169,255,239,255,188,253,180,12,205,254,226,0,166,12,238,243,196,250,88,61,0.2063,0.1662,0.1799
1590503184.0300345,45,255,87,255,89,3,140,1,16,255,114,253,49,0,59,0,168,253,186,12,206,254,228,0,217,12,238,243,191,250,77,61,0.2063,0.1662,0.1799
1590503184.0433085,14,255,42,255,42,4,140,1,16,255,114,253,218,255,83,0,92,253,193,12,207,254,231,0,17,13,235,243,178,250,63,61,0.1975,0.175,0.1681
1590503184.0488183,107,255,102,255,8,3,184,1,21,255,90,253,246,255,250,255,25,253,200,12,208,254,233,0,78,13,240,243,165,250,50,61,0.1975,0.175,0.1681
1590503184.0610917,7,255,51,255,164,3,184,1,21,255,90,253,20,0,135,0,236,252,208,12,209,254,236,0,145,13,235,243,157,250,34,61,0.2258,0.173,0.1691
1590503184.0674167,17,255,53,255,86,3,184,1,21,255,90,253,38,0,90,0,168,252,216,12,210,254,238,0,217,13,235,243,147,250,16,61,0.2258,0.173,0.1691
1590503184.0815148,26,255,46,255,132,3,184,1,21,255,90,253,15,0,67,0,95,252,225,12,212,254,241,0,38,14,236,243,135,250,254,60,0.1926,0.1632,0.1408
1590503184.089288,9,255,47,255,95,3,184,1,21,255,90,253,33,0,113,0,32,252,235,12,214,254,244,0,121,14,235,243,124,250,233,60,0.1926,0.1632,0.1408
1590503184.101293,37,255,55,255,119,3,112,1,242,254,63,253,251,255,67,0,199,251,246,12,216,254,247,0,211,14,237,243,107,250,211,60,0.218,0.1672,0.1554
1590503184.108395,47,255,58,255,121,3,112,1,242,254,63,253,208,255,20,0,120,251,1,13,219,254,251,0,49,15,244,243,85,250,186,60,0.218,0.1672,0.1554
1590503184.1182141,26,255,42,255,96,3,112,1,242,254,63,253,0,0,128,0,91,251,13,13,221,254,255,0,149,15,250,243,70,250,161,60,0.2043,0.1632,0.1554
1590503184.128848,25,255,36,255,116,3,112,1,242,254,63,253,23,0,97,0,41,251,25,13,224,254,2,1,252,15,2,244,56,250,134,60,0.2043,0.1632,0.1496
1590503184.1406062,22,255,36,255,131,3,112,1,242,254,63,253,253,255,99,0,249,250,37,13,227,254,5,1,102,16,10,244,39,250,106,60,0.1926,0.1632,0.1505
1590503184.1503894,28,255,30,255,139,3,113,1,45,255,186,253,253,255,68,0,212,250,50,13,231,254,9,1,211,16,20,244,21,250,76,60,0.2043,0.1632,0.1505
1590503184.1607716,33,255,29,255,137,3,113,1,45,255,186,253,33,0,105,0,212,250,63,13,234,254,12,1,65,17,28,244,6,250,45,60,0.2043,0.1525,0.1818
1590503184.1736214,69,255,56,255,89,3,113,1,45,255,186,253,52,0,102,0,213,250,77,13,238,254,15,1,175,17,39,244,250,249,14,60,0.219,0.2072,0.1818
1590503184.1799257,21,255,22,255,125,3,113,1,45,255,186,253,27,0,152,0,207,250,90,13,240,254,18,1,29,18,43,244,237,249,237,59,0.219,0.2072,0.1808
1590503184.19482,73,255,41,255,152,3,113,1,45,255,186,253,235,255,54,0,183,250,103,13,244,254,22,1,138,18,49,244,215,249,202,59,0.2199,0.1789,0.1769
1590503184.2011728,32,255,17,255,197,3,155,1,111,255,204,253,212,255,83,0,187,250,116,13,247,254,27,1,247,18,53,244,192,249,166,59,0.2199,0.1789,0.1769
1590503184.2093267,69,255,40,255,114,3,155,1,111,255,204,253,104,0,164,0,232,250,129,13,249,254,29,1,99,19,53,244,184,249,131,59,0.2239,0.1789,0.1769
1590503184.2194839,53,255,34,255,41,3,155,1,111,255,204,253,114,0,222,0,240,250,142,13,251,254,32,1,207,19,49,244,178,249,94,59,0.2239,0.1965,0.176
1590503184.2320502,51,255,15,255,181,3,155,1,111,255,204,253,202,255,242,255,175,250,155,13,255,254,36,1,59,20,61,244,152,249,57,59,0.2239,0.2023,0.175
1590503184.239918,96,255,41,255,179,3,155,1,111,255,204,253,139,255,0,0,164,250,168,13,4,255,41,1,167,20,70,244,121,249,18,59,0.2239,0.2023,0.175
1590503184.2524793,48,255,21,255,124,3,203,1,164,255,218,253,76,0,127,0,223,250,181,13,6,255,44,1,18,21,73,244,109,249,236,58,0.2092,0.1642,0.1789
1590503184.260831,53,255,2,255,146,3,203,1,164,255,218,253,55,0,119,0,229,250,194,13,9,255,46,1,124,21,77,244,97,249,197,58,0.2092,0.1642,0.1789
1590503184.2719574,44,255,255,254,131,3,203,1,164,255,218,253,1,0,80,0,222,250,207,13,13,255,50,1,229,21,82,244,78,249,157,58,0.2033,0.2375,0.1769
1590503184.2782164,52,255,0,255,84,3,203,1,164,255,218,253,68,0,72,0,250,250,220,13,16,255,52,1,77,22,90,244,65,249,118,58,0.2033,0.2375,0.1769
1590503184.2900696,43,255,255,254,94,3,203,1,164,255,218,253,43,0,113,0,17,251,232,13,19,255,55,1,178,22,94,244,52,249,78,58,0.1965,0.1769,0.1769
1590503184.2982106,24,255,220,254,157,3,235,1,210,255,244,253,27,0,68,0,21,251,244,13,23,255,58,1,22,23,101,244,37,249,38,58,0.1965,0.1769,0.2023
1590503184.3122218,60,255,251,254,122,3,235,1,210,255,244,253,19,0,89,0,52,251,1,14,26,255,61,1,120,23,106,244,22,249,254,57,0.1877,0.218,0.1857
1590503184.319324,45,255,236,254,117,3,235,1,210,255,244,253,53,0,81,0,89,251,12,14,29,255,63,1,215,23,113,244,10,249,216,57,0.1877,0.218,0.1857
1590503184.3291757,85,255,248,254,113,3,235,1,210,255,244,253,15,0,94,0,107,251,24,14,33,255,65,1,52,24,122,244,255,248,177,57,0.1212,0.1857,0.1857
1590503184.341446,48,255,219,254,96,3,235,1,210,255,244,253,41,0,99,0,124,251,35,14,36,255,67,1,144,24,129,244,245,248,139,57,0.1212,0.1857,0.2014
1590503184.352966,41,255,221,254,169,3,251,1,1,0,212,253,12,0,71,0,114,251,47,14,39,255,69,1,235,24,138,244,233,248,99,57,0.1329,0.2199,0.1906
1590503184.360194,62,255,239,254,98,3,251,1,1,0,212,253,68,0,85,0,135,251,58,14,42,255,71,1,70,25,148,244,226,248,61,57,0.175,0.2199,0.1906
1590503184.3707983,95,255,212,254,132,3,251,1,1,0,212,253,39,0,75,0,136,251,69,14,46,255,72,1,160,25,158,244,216,248,21,57,0.175,0.2796,0.176
1590503184.3839462,76,255,247,254,89,3,251,1,1,0,212,253,55,0,65,0,136,251,80,14,49,255,74,1,250,25,170,244,207,248,238,56,0.2033,0.3118,0.1887
1590503184.3908653,79,255,252,254,136,3,251,1,1,0,212,253,11,0,77,0,94,251,92,14,53,255,76,1,87,26,176,244,193,248,195,56,0.2033,0.3118,0.1887
1590503184.3984256,98,255,222,254,104,3,14,2,24,0,224,253,40,0,47,0,82,251,104,14,57,255,78,1,179,26,186,244,179,248,152,56,0.2033,0.3118,0.1887
1590503184.4088216,78,255,227,254,73,3,14,2,24,0,224,253,49,0,84,0,50,251,116,14,60,255,80,1,19,27,193,244,168,248,106,56,0.0518,0.2903,0.1799
1590503184.4194727,75,255,204,254,156,3,14,2,24,0,224,253,234,255,85,0,3,251,128,14,64,255,83,1,117,27,199,244,150,248,57,56,0.0391,0.2903,0.1799
1590503184.4292028,97,255,213,254,130,3,14,2,24,0,224,253,23,0,103,0,248,250,141,14,67,255,85,1,216,27,205,244,136,248,8,56,0.0391,0.3255,0.1848
1590503184.440692,96,255,213,254,156,3,14,2,24,0,224,253,56,0,101,0,220,250,154,14,71,255,87,1,61,28,212,244,124,248,213,55,0.1183,0.3255,0.1848
1590503184.4485478,103,255,208,254,106,3,51,2,48,0,218,253,15,0,94,0,200,250,167,14,75,255,90,1,163,28,219,244,109,248,160,55,0.1183,0.303,0.1642
1590503184.4549189,103,255,208,254,106,3,51,2,48,0,218,253,15,0,94,0,200,250,167,14,75,255,90,1,163,28,219,244,109,248,160,55,0.1183,0.303,0.1642
1590503184.4691582,128,255,236,254,27,3,51,2,48,0,218,253,92,0,187,0,215,250,194,14,82,255,93,1,111,29,230,244,91,248,53,55,0.1036,0.3079,0.1769
1590503184.4824502,125,255,197,254,222,3,51,2,48,0,218,253,26,0,30,0,177,250,207,14,86,255,95,1,213,29,243,244,74,248,255,54,0.1095,0.1975,0.2258
1590503184.4914064,130,255,213,254,89,3,51,2,48,0,218,253,223,255,50,0,188,250,220,14,91,255,98,1,57,30,252,244,54,248,199,54,0.1095,0.1975,0.2258
1590503184.5035753,151,255,223,254,130,3,169,2,64,0,180,253,32,0,120,0,244,250,233,14,95,255,100,1,155,30,2,245,42,248,144,54,0.13,0.2063,0.1818
1590503184.5102055,161,255,230,254,117,3,169,2,64,0,180,253,26,0,108,0,21,251,245,14,98,255,102,1,249,30,9,245,30,248,91,54,0.13,0.2063,0.1818
1590503184.5198667,141,255,206,254,131,3,169,2,64,0,180,253,46,0,81,0,61,251,1,15,102,255,103,1,84,31,18,245,18,248,38,54,0.1525,0.1632,0.1818
1590503184.5296676,164,255,235,254,81,3,169,2,64,0,180,253,19,0,66,0,88,251,13,15,106,255,105,1,172,31,26,245,5,248,243,53,0.1525,0.1632,0.1769
1590503184.5410957,157,255,202,254,211,3,169,2,64,0,180,253,34,0,48,0,102,251,24,15,110,255,106,1,3,32,37,245,248,247,192,53,0.172,0.1691,0.1789
1590503184.5487118,173,255,223,254,78,3,212,4,76,0,196,252,220,255,101,0,101,251,36,15,113,255,108,1,89,32,41,245,233,247,139,53,0.172,0.1691,0.1789
1590503184.5594578,162,255,199,254,113,3,212,4,76,0,196,252,36,0,76,0,89,251,48,15,117,255,110,1,176,32,50,245,221,247,86,53,0.1975,0.175,0.1769
1590503184.570792,178,255,179,254,152,3,212,4,76,0,196,252,236,255,71,0,65,251,60,15,121,255,111,1,8,33,57,245,205,247,30,53,0.219,0.175,0.1769
1590503184.579623,189,255,164,254,104,3,212,4,76,0,196,252,38,0,129,0,64,251,72,15,124,255,113,1,97,33,63,245,196,247,230,52,0.219,0.1769,0.1769
1590503184.592067,184,255,143,254,57,3,212,4,76,0,196,252,56,0,134,0,50,251,84,15,128,255,114,1,187,33,70,245,188,247,173,52,0.1975,0.1769,0.1769
1590503184.5990503,182,255,121,254,121,3,124,3,226,254,253,252,26,0,100,0,29,251,96,15,132,255,115,1,22,34,78,245,177,247,115,52,0.1975,0.173,0.1808
1590503184.6048162,182,255,121,254,121,3,124,3,226,254,253,252,26,0,100,0,29,251,96,15,132,255,115,1,22,34,78,245,177,247,115,52,0.1975,0.173,0.1808
1590503184.6150675,178,255,130,254,141,3,124,3,226,254,253,252,253,255,52,0,251,250,109,15,136,255,117,1,113,34,89,245,161,247,54,52,0.2336,0.173,0.1799
1590503184.6214244,188,255,160,254,86,3,124,3,226,254,253,252,20,0,86,0,223,250,122,15,141,255,118,1,207,34,99,245,147,247,248,51,0.2336,0.173,0.1799
1590503184.6327844,175,255,137,254,108,3,124,3,226,254,253,252,34,0,108,0,188,250,135,15,145,255,119,1,47,35,108,245,136,247,183,51,0.2033,0.1672,0.176
1590503184.6431124,176,255,135,254,120,3,124,3,226,254,253,252,20,0,101,0,140,250,149,15,149,255,121,1,146,35,118,245,122,247,115,51,0.2033,0.1672,0.176
1590503184.6541896,193,255,166,254,119,3,48,2,96,0,157,253,44,0,108,0,96,250,163,15,154,255,122,1,248,35,131,245,110,247,44,51,0.2375,0.1691,0.1769
1590503184.6608658,186,255,136,254,139,3,48,2,96,0,157,253,31,0,112,0,50,250,177,15,159,255,123,1,97,36,143,245,96,247,227,50,0.2375,0.1691,0.1769
1590503184.6709857,199,255,145,254,85,3,48,2,96,0,157,253,28,0,119,0,9,250,193,15,164,255,124,1,203,36,155,245,82,247,150,50,0.2258,0.1818,0.1769
1590503184.6811569,197,255,132,254,86,3,48,2,96,0,157,253,46,0,119,0,229,249,208,15,169,255,125,1,56,37,168,245,70,247,70,50,0.2258,0.1818,0.1779
1590503184.691914,202,255,141,254,108,3,48,2,96,0,157,253,18,0,107,0,193,249,224,15,174,255,126,1,166,37,181,245,54,247,244,49,0.2375,0.1808,0.1779
1590503184.699252,207,255,146,254,98,3,19,2,201,0,138,253,39,0,115,0,167,249,240,15,180,255,127,1,21,38,195,245,40,247,160,49,0.2375,0.1808,0.1808
1590503184.70959,207,255,146,254,98,3,19,2,201,0,138,253,39,0,115,0,167,249,240,15,180,255,127,1,21,38,195,245,40,247,160,49,0.261,0.1926,0.1799
1590503184.715461,199,255,127,254,130,3,19,2,201,0,138,253,25,0,119,0,143,249,0,16,185,255,128,1,133,38,208,245,25,247,73,49,0.261,0.1926,0.1799
1590503184.7221692,206,255,132,254,116,3,19,2,201,0,138,253,38,0,124,0,119,249,16,16,191,255,129,1,247,38,222,245,11,247,240,48,0.261,0.1926,0.1799
1590503184.7341464,209,255,129,254,107,3,19,2,201,0,138,253,29,0,117,0,87,249,33,16,196,255,129,1,105,39,236,245,252,246,149,48,0.2219,0.1887,0.174
1590503184.7447875,214,255,141,254,107,3,19,2,201,0,138,253,36,0,124,0,71,249,50,16,202,255,130,1,219,39,251,245,237,246,55,48,0.2063,0.175,0.174
1590503184.7506366,220,255,146,254,120,3,11,2,3,1,138,253,43,0,132,0,63,249,67,16,208,255,131,1,78,40,10,246,224,246,216,47,0.2063,0.175,0.174
1590503184.7641296,234,255,157,254,90,3,11,2,3,1,138,253,40,0,138,0,50,249,84,16,213,255,131,1,192,40,25,246,211,246,120,47,0.1799,0.175,0.174
1590503184.7713516,224,255,122,254,130,3,11,2,3,1,138,253,41,0,127,0,42,249,101,16,219,255,131,1,50,41,41,246,197,246,21,47,0.1799,0.175,0.2307
1590503184.785477,229,255,120,254,88,3,11,2,3,1,138,253,27,0,140,0,52,249,119,16,225,255,132,1,163,41,56,246,184,246,178,46,0.1779,0.1662,0.2063
1590503184.792465,236,255,129,254,105,3,11,2,3,1,138,253,41,0,130,0,58,249,136,16,231,255,132,1,18,42,72,246,171,246,79,46,0.1779,0.1662,0.2063
1590503184.8037848,0,0,81,254,124,3,187,1,243,0,216,253,43,0,133,0,75,249,153,16,236,255,132,1,127,42,87,246,159,246,236,45,0.2053,0.218,0.2444
1590503184.810598,6,0,102,254,100,3,187,1,243,0,216,253,43,0,129,0,103,249,169,16,242,255,132,1,234,42,103,246,147,246,137,45,0.2053,0.218,0.2444
1590503184.820555,50,253,23,251,222,252,187,1,243,0,216,253,119,253,79,2,184,249,186,16,243,255,138,1,75,43,50,246,120,246,27,45,0.2033,0.218,0.2444
1590503184.8278232,50,253,23,251,222,252,187,1,243,0,216,253,119,253,79,2,184,249,186,16,243,255,138,1,75,43,50,246,120,246,27,45,0.2033,0.2131,0.2111
1590503184.83398,189,0,21,255,129,2,187,1,243,0,216,253,254,237,49,252,246,253,189,16,254,255,183,1,30,43,103,245,32,245,203,44,0.2033,0.2131,0.2111
1590503184.8433702,16,0,198,255,240,0,187,1,243,0,216,253,30,235,93,246,174,255,183,16,18,0,234,1,173,42,200,244,77,243,149,44,0.2278,0.1906,0.2004
1590503184.850418,73,0,145,255,2,2,128,1,116,1,186,253,169,237,149,250,59,0,180,16,29,0,24,2,71,42,12,244,228,241,89,44,0.2278,0.1906,0.2004
1590503184.8613324,26,0,196,255,56,1,128,1,116,1,186,253,72,240,161,253,120,0,177,16,33,0,63,2,240,41,73,243,211,240,27,44,0.2268,0.2151,0.2004
1590503184.8708475,43,0,198,255,230,1,128,1,116,1,186,253,13,243,195,0,231,0,176,16,31,0,95,2,172,41,126,242,29,240,223,43,0.2268,0.2151,0.2141
1590503184.8809044,28,0,207,255,147,1,128,1,116,1,186,253,212,245,227,3,97,1,177,16,21,0,120,2,124,41,169,241,194,239,167,43,0.2248,0.176,0.2141
1590503184.8976758,19,0,152,254,190,3,128,1,116,1,186,253,168,248,34,7,222,1,179,16,4,0,139,2,98,41,201,240,195,239,116,43,0.2239,0.1711,0.2102
1590503184.9039106,87,0,150,255,149,2,102,1,246,1,32,254,26,255,20,6,225,1,180,16,247,255,141,2,99,41,87,240,23,240,106,43,0.2239,0.1711,0.2102
1590503184.9144678,37,0,183,255,114,1,102,1,246,1,32,254,235,8,6,253,30,1,174,16,251,255,119,2,113,41,253,240,120,240,186,43,0.2199,0.1681,0.2102
1590503184.9212487,46,0,11,255,161,4,102,1,246,1,32,254,255,11,221,255,177,1,170,16,248,255,89,2,148,41,163,241,53,241,18,44,0.2199,0.1681,0.2141
1590503184.931593,89,0,108,255,235,1,102,1,246,1,32,254,49,16,231,0,173,1,167,16,244,255,49,2,205,41,118,242,66,242,118,44,0.2199,0.1681,0.2141
1590503184.942976,43,0,205,254,137,2,102,1,246,1,32,254,187,21,93,255,64,1,164,16,244,255,251,1,23,42,182,243,142,243,237,44,0.2199,0.176,0.2141
1590503184.950742,126,0,240,255,173,7,134,1,238,1,53,254,165,23,1,0,2,1,162,16,243,255,192,1,103,42,11,245,4,245,92,45,0.2004,0.176,0.2141
1590503184.9612012,176,255,178,0,205,0,134,1,238,1,53,254,165,23,1,0,2,1,160,16,241,255,134,1,171,42,99,246,124,246,191,45,0.2004,0.175,0.218
1590503184.9671292,176,255,178,0,205,0,134,1,238,1,53,254,165,23,1,0,2,1,160,16,241,255,134,1,171,42,99,246,124,246,191,45,0.2004,0.175,0.218
1590503184.9815004,10,0,27,0,26,0,134,1,238,1,53,254,246,1,194,254,191,0,155,16,247,255,116,1,164,42,245,246,193,246,241,45,0.1994,0.1642,0.2278
1590503184.9960237,25,0,174,253,28,7,134,1,238,1,53,254,250,248,11,2,94,1,153,16,241,255,134,1,126,42,105,246,116,246,232,45,0.2004,0.173,0.1887
1590503185.0012207,31,0,48,254,124,5,142,1,99,1,213,253,107,254,49,254,234,0,149,16,244,255,138,1,100,42,107,246,67,246,246,45,0.2004,0.173,0.1887
1590503185.0156178,0,0,116,254,203,5,142,1,99,1,213,253,123,1,245,0,142,1,146,16,240,255,134,1,83,42,108,246,110,246,14,46,0.2043,0.1564,0.1808
1590503185.0227518,246,255,21,255,40,3,142,1,99,1,213,253,254,1,60,1,139,1,143,16,236,255,129,1,69,42,113,246,165,246,39,46,0.2043,0.1564,0.1808
1590503185.0353239,0,0,132,255,73,1,142,1,99,1,213,253,182,255,160,255,7,1,140,16,236,255,130,1,51,42,111,246,158,246,55,46,0.2043,0.1691,0.176
1590503185.0454118,3,0,47,255,207,2,142,1,99,1,213,253,112,254,64,255,194,0,138,16,237,255,134,1,31,42,98,246,125,246,63,46,0.2229,0.1691,0.176
1590503185.0533361,249,255,28,255,40,3,126,1,118,1,207,253,120,255,8,0,198,0,136,16,236,255,135,1,17,42,88,246,119,246,73,46,0.2229,0.2317,0.1877
1590503185.0671432,242,255,182,254,102,4,126,1,118,1,207,253,76,1,245,255,169,0,134,16,235,255,132,1,10,42,105,246,141,246,87,46,0.2239,0.176,0.1838
1590503185.0731862,4,0,68,255,240,1,126,1,118,1,207,253,146,0,55,0,144,0,133,16,234,255,130,1,4,42,108,246,155,246,96,46,0.2239,0.176,0.1838
1590503185.0872002,245,255,255,254,119,3,126,1,118,1,207,253,73,255,224,255,82,0,132,16,234,255,132,1,252,41,99,246,143,246,99,46,0.2297,0.1975,0.2229
1590503185.0937333,237,255,228,254,170,3,126,1,118,1,207,253,223,255,238,255,58,0,132,16,234,255,132,1,248,41,97,246,141,246,102,46,0.2297,0.1975,0.2229
1590503185.1064315,244,255,223,254,145,3,166,1,118,1,208,253,61,0,238,255,30,0,131,16,234,255,132,1,246,41,101,246,144,246,105,46,0.2326,0.1828,0.1789
1590503185.1128514,245,255,21,255,215,2,166,1,118,1,208,253,198,255,27,0,15,0,131,16,234,255,132,1,245,41,96,246,142,246,105,46,0.2326,0.1828,0.1789
1590503185.1260626,243,255,237,254,79,3,166,1,118,1,208,253,23,0,229,255,247,255,131,16,234,255,132,1,245,41,99,246,142,246,105,46,0.2346,0.1906,0.1867
1590503185.1321707,233,255,219,254,110,3,166,1,118,1,208,253,27,0,20,0,247,255,131,16,234,255,132,1,246,41,100,246,145,246,105,46,0.2346,0.1906,0.1867
1590503185.147333,232,255,198,254,189,3,166,1,118,1,208,253,241,255,249,255,238,255,131,16,234,255,132,1,246,41,99,246,143,246,104,46,0.2366,0.1711,0.1329
1590503185.1531959,231,255,216,254,149,3,155,1,112,1,189,253,228,255,5,0,254,255,131,16,234,255,132,1,246,41,97,246,142,246,104,46,0.2366,0.1711,0.1329
1590503185.1649628,234,255,228,254,93,3,155,1,112,1,189,253,9,0,249,255,16,0,131,16,234,255,132,1,245,41,97,246,142,246,105,46,0.2385,0.1867,0.176
1590503185.172941,96,3,100,251,164,1,155,1,112,1,189,253,94,255,44,0,234,253,136,16,236,255,134,1,21,42,92,246,127,246,72,46,0.2385,0.1867,0.176
1590503185.1825411,62,1,179,250,113,3,155,1,112,1,189,253,39,254,48,255,249,236,183,16,0,0,139,1,57,43,141,246,23,246,43,45,0.2395,0.1652,0.176
1590503185.1941862,96,251,2,248,195,4,155,1,112,1,189,253,220,255,76,3,213,240,223,16,8,0,139,1,47,44,140,246,21,246,59,44,0.2395,0.1652,0.1681
1590503185.2051282,58,1,247,0,249,4,174,1,118,1,189,253,86,2,73,255,8,1,220,16,9,0,133,1,36,44,183,246,49,246,85,44,0.2346,0.2131,0.173
1590503185.2184505,87,0,208,0,164,3,174,1,118,1,189,253,89,3,49,1,82,2,214,16,4,0,125,1,15,44,208,246,127,246,128,44,0.2356,0.1525,0.1711
1590503185.2246475,102,0,51,0,147,3,174,1,118,1,189,253,52,255,102,255,221,2,207,16,2,0,127,1,222,43,196,246,114,246,171,44,0.2356,0.1525,0.1711
1590503185.2386324,159,0,74,255,28,5,174,1,118,1,189,253,130,253,150,255,109,3,198,16,0,0,133,1,160,43,153,246,80,246,215,44,0.2346,0.2063,0.1486
1590503185.2449136,43,0,19,255,230,3,174,1,118,1,189,253,77,0,210,255,135,3,189,16,254,255,132,1,105,43,149,246,94,246,14,45,0.2346,0.2063,0.1486
1590503185.2540069,255,255,45,255,255,2,128,1,123,1,196,253,201,0,229,255,167,3,180,16,250,255,130,1,50,43,150,246,116,246,72,45,0.2405,0.2063,0.1486
1590503185.2638698,20,0,226,254,31,4,128,1,123,1,196,253,38,255,164,255,209,3,171,16,247,255,132,1,242,42,131,246,110,246,127,45,0.2405,0.1417,0.1457
1590503185.27775,232,3,254,248,214,2,128,1,123,1,196,253,205,255,158,255,88,2,165,16,246,255,133,1,203,42,126,246,109,246,163,45,0.2346,0.1691,0.173
1590503185.284213,240,255,131,254,29,3,128,1,123,1,196,253,44,0,85,0,192,250,178,16,250,255,133,1,32,43,141,246,99,246,84,45,0.2346,0.1691,0.173
1590503185.2989511,14,255,33,254,90,2,128,1,123,1,196,253,18,1,14,1,142,249,194,16,254,255,130,1,139,43,162,246,111,246,243,44,0.2414,0.1466,0.174
1590503185.304604,217,253,120,251,19,4,150,1,131,1,183,253,109,255,132,0,249,251,205,16,0,0,131,1,202,43,158,246,97,246,179,44,0.2414,0.1466,0.174
1590503185.3160353,45,0,243,255,72,4,150,1,131,1,183,253,253,255,100,255,204,1,200,16,0,0,131,1,172,43,162,246,93,246,208,44,0.2346,0.1496,0.1887
1590503185.3238664,252,255,113,255,161,2,150,1,131,1,183,253,121,0,196,255,141,2,193,16,255,255,130,1,133,43,164,246,105,246,249,44,0.2346,0.1496,0.1887
1590503185.3332152,183,1,236,252,147,3,150,1,131,1,183,253,60,255,236,255,114,2,187,16,253,255,132,1,92,43,146,246,100,246,28,45,0.2532,0.1496,0.1887
1590503185.3453314,189,255,240,252,111,3,150,1,131,1,183,253,191,255,214,255,166,255,188,16,253,255,133,1,96,43,146,246,93,246,22,45,0.2532,0.1681,0.1867
1590503185.3532784,39,255,194,254,63,3,139,1,148,1,168,253,142,0,68,0,197,254,191,16,254,255,131,1,118,43,154,246,101,246,4,45,0.2688,0.1681,0.1867
1590503185.3632874,27,0,0,255,108,3,139,1,148,1,168,253,247,255,233,255,153,0,190,16,254,255,131,1,108,43,153,246,102,246,14,45,0.2688,0.1711,0.1926
1590503185.3728967,222,255,253,253,108,3,139,1,148,1,168,253,213,255,253,255,84,0,189,16,253,255,132,1,103,43,150,246,100,246,18,45,0.261,0.1769,0.1926
1590503185.3831117,247,255,112,254,84,3,139,1,148,1,168,253,23,0,0,0,218,255,189,16,253,255,132,1,105,43,152,246,101,246,16,45,0.261,0.1769,0.1916
1590503185.3959827,247,255,70,254,96,3,139,1,148,1,168,253,11,0,254,255,255,255,189,16,253,255,131,1,106,43,152,246,102,246,16,45,0.2551,0.1789,0.1857
1590503185.40395,248,255,60,254,100,3,145,1,131,1,176,253,3,0,0,0,2,0,189,16,253,255,131,1,106,43,152,246,102,246,16,45,0.2551,0.1789,0.1857
1590503185.415745,251,255,101,254,114,3,145,1,131,1,176,253,3,0,1,0,1,0,189,16,253,255,131,1,106,43,152,246,102,246,16,45,0.2268,0.176,0.173
1590503185.428302,252,255,64,254,98,3,145,1,131,1,176,253,242,255,1,0,255,255,189,16,253,255,132,1,105,43,151,246,101,246,16,45,0.219,0.2317,0.1857
1590503185.43476,250,255,72,254,86,3,145,1,131,1,176,253,252,255,253,255,255,255,189,16,253,255,132,1,105,43,148,246,98,246,15,45,0.219,0.2317,0.1857
1590503185.4471023,250,255,65,254,97,3,145,1,131,1,176,253,2,0,1,0,5,0,189,16,253,255,133,1,104,43,144,246,94,246,15,45,0.2366,0.2317,0.1857
1590503185.4544253,251,255,93,254,121,3,145,1,131,1,168,253,14,0,255,255,1,0,189,16,253,255,133,1,104,43,143,246,94,246,14,45,0.2366,0.218,0.2268
1590503185.4699326,253,255,73,254,106,3,145,1,131,1,168,253,254,255,253,255,255,255,189,16,253,255,133,1,103,43,141,246,92,246,14,45,0.2581,0.2239,0.1818
1590503185.4762256,252,255,78,254,100,3,145,1,131,1,168,253,255,255,0,0,0,0,189,16,253,255,133,1,103,43,139,246,90,246,14,45,0.2581,0.2239,0.1818
1590503185.4874678,251,255,68,254,84,3,145,1,131,1,168,253,249,255,255,255,253,255,189,16,253,255,134,1,102,43,136,246,87,246,13,45,0.2375,0.2111,0.2366
1590503185.4972327,253,255,82,254,107,3,145,1,131,1,168,253,7,0,0,0,255,255,189,16,253,255,134,1,102,43,134,246,85,246,13,45,0.2375,0.2111,0.2366
1590503185.5051668,249,255,74,254,103,3,150,1,131,1,188,253,6,0,0,0,2,0,189,16,253,255,135,1,101,43,131,246,83,246,12,45,0.2649,0.2111,0.2366
1590503185.514798,251,255,82,254,111,3,150,1,131,1,188,253,7,0,255,255,1,0,189,16,253,255,135,1,101,43,130,246,81,246,12,45,0.2649,0.219,0.1828
1590503185.527306,250,255,77,254,96,3,150,1,131,1,188,253,251,255,255,255,2,0,189,16,253,255,135,1,100,43,128,246,79,246,11,45,0.2375,0.1564,0.3069
1590503185.535438,252,255,80,254,103,3,150,1,131,1,188,253,252,255,255,255,255,255,189,16,253,255,136,1,100,43,126,246,77,246,11,45,0.2375,0.1564,0.3069
1590503185.547095,251,255,76,254,103,3,150,1,131,1,188,253,252,255,254,255,255,255,189,16,253,255,136,1,99,43,124,246,76,246,11,45,0.2717,0.172,0.1828
1590503185.5551403,249,255,78,254,110,3,145,1,131,1,200,253,8,0,255,255,1,0,189,16,253,255,136,1,99,43,122,246,74,246,10,45,0.2717,0.172,0.1828
1590503185.5669444,252,255,81,254,106,3,145,1,131,1,200,253,4,0,254,255,255,255,189,16,253,255,136,1,99,43,120,246,73,246,10,45,0.2414,0.1926,0.2023
1590503185.5759025,252,255,81,254,104,3,145,1,131,1,200,253,1,0,253,255,0,0,189,16,253,255,137,1,98,43,119,246,71,246,10,45,0.2414,0.1926,0.2023
1590503185.5851264,251,255,79,254,102,3,145,1,131,1,200,253,248,255,0,0,2,0,189,16,253,255,137,1,98,43,118,246,70,246,9,45,0.2766,0.1769,0.2023
1590503185.5986485,251,255,74,254,99,3,145,1,131,1,200,253,251,255,255,255,255,255,189,16,253,255,137,1,98,43,116,246,68,246,9,45,0.2346,0.1769,0.2023
1590503185.6066117,249,255,74,254,102,3,163,1,131,1,183,253,4,0,2,0,0,0,189,16,253,255,137,1,97,43,114,246,67,246,9,45,0.2346,0.1965,0.1681
1590503185.6206758,250,255,81,254,113,3,163,1,131,1,183,253,9,0,1,0,1,0,189,16,253,255,138,1,97,43,112,246,65,246,8,45,0.2776,0.1681,0.1662
1590503185.626633,250,255,79,254,98,3,163,1,131,1,183,253,4,0,0,0,1,0,189,16,253,255,138,1,97,43,111,246,64,246,8,45,0.2776,0.1681,0.1662
1590503185.638561,251,255,78,254,103,3,163,1,131,1,183,253,253,255,1,0,0,0,189,16,253,255,138,1,96,43,109,246,62,246,8,45,0.2278,0.174,0.176
1590503185.647643,250,255,74,254,99,3,163,1,131,1,183,253,247,255,255,255,255,255,189,16,253,255,138,1,96,43,107,246,61,246,7,45,0.2278,0.174,0.176
1590503185.656159,252,255,74,254,106,3,145,1,144,1,188,253,254,255,255,255,2,0,189,16,253,255,139,1,95,43,105,246,59,246,7,45,0.2424,0.174,0.176
1590503185.6651633,248,255,79,254,105,3,145,1,144,1,188,253,4,0,255,255,3,0,189,16,253,255,139,1,95,43,104,246,58,246,7,45,0.2424,0.1701,0.176
1590503185.6793523,250,255,79,254,101,3,145,1,144,1,188,253,4,0,1,0,2,0,189,16,253,255,139,1,95,43,102,246,56,246,6,45,0.2727,0.1779,0.1799
1590503185.6863666,251,255,80,254,100,3,145,1,144,1,188,253,253,255,0,0,0,0,189,16,253,255,139,1,94,43,101,246,55,246,6,45,0.2727,0.1779,0.1799
1590503185.6979825,252,255,77,254,101,3,145,1,144,1,188,253,252,255,2,0,1,0,189,16,253,255,140,1,94,43,99,246,54,246,6,45,0.2454,0.175,0.1799
1590503185.7054615,252,255,73,254,102,3,132,1,144,1,168,253,252,255,253,255,0,0,189,16,253,255,140,1,94,43,98,246,52,246,5,45,0.2454,0.175,0.1799
1590503185.7165256,251,255,76,254,109,3,132,1,144,1,168,253,3,0,255,255,1,0,189,16,253,255,140,1,93,43,96,246,51,246,5,45,0.2444,0.1789,0.1799
1590503185.7267776,249,255,81,254,104,3,132,1,144,1,168,253,6,0,2,0,255,255,189,16,253,255,140,1,93,43,95,246,50,246,5,45,0.2444,0.1789,0.1799
1590503185.7354867,254,255,78,254,104,3,132,1,144,1,168,253,0,0,255,255,255,255,189,16,253,255,140,1,93,43,94,246,48,246,5,45,0.2414,0.176,0.1681
1590503185.749893,252,255,76,254,104,3,132,1,144,1,168,253,254,255,255,255,1,0,189,16,253,255,141,1,93,43,92,246,47,246,4,45,0.2385,0.176,0.1681
1590503185.757034,250,255,76,254,107,3,128,1,144,1,196,253,252,255,0,0,0,0,189,16,253,255,141,1,92,43,91,246,46,246,4,45,0.2385,0.172,0.1887
1590503185.7664819,249,255,77,254,102,3,128,1,144,1,196,253,2,0,1,0,0,0,189,16,253,255,141,1,92,43,90,246,45,246,4,45,0.2385,0.172,0.1887
1590503185.778048,252,255,78,254,98,3,128,1,144,1,196,253,6,0,254,255,0,0,189,16,253,255,141,1,92,43,88,246,43,246,3,45,0.2405,0.1711,0.2287
1590503185.7857504,251,255,82,254,104,3,128,1,144,1,196,253,2,0,1,0,1,0,189,16,253,255,141,1,91,43,87,246,42,246,3,45,0.2405,0.1711,0.2287
1590503185.7984333,251,255,76,254,105,3,128,1,144,1,196,253,253,255,0,0,1,0,189,16,253,255,142,1,91,43,86,246,41,246,3,45,0.2375,0.1691,0.1877
1590503185.8101144,250,255,76,254,103,3,145,1,144,1,156,253,252,255,255,255,255,255,189,16,253,255,142,1,91,43,85,246,40,246,3,45,0.2405,0.1642,0.2414
1590503185.8166025,252,255,73,254,105,3,145,1,144,1,156,253,253,255,254,255,2,0,189,16,253,255,142,1,91,43,83,246,39,246,2,45,0.2405,0.1642,0.2414
1590503185.8302205,251,255,76,254,96,3,145,1,144,1,156,253,3,0,2,0,2,0,189,16,253,255,142,1,90,43,82,246,38,246,2,45,0.2375,0.1632,0.2102
1590503185.8364668,251,255,79,254,105,3,145,1,144,1,156,253,6,0,255,255,3,0,189,16,253,255,142,1,90,43,81,246,36,246,2,45,0.2375,0.1632,0.2102
1590503185.849197,251,255,79,254,108,3,145,1,144,1,156,253,1,0,0,0,0,0,189,16,253,255,143,1,90,43,80,246,36,246,2,45,0.2414,0.1779,0.2102
1590503185.8563669,252,255,77,254,105,3,163,1,148,1,176,253,254,255,0,0,1,0,189,16,253,255,143,1,90,43,79,246,35,246,1,45,0.2414,0.1779,0.1857
1590503185.868497,253,255,75,254,105,3,163,1,148,1,176,253,255,255,1,0,1,0,189,16,253,255,143,1,89,43,78,246,33,246,1,45,0.2375,0.1789,0.2111
1590503185.8767087,252,255,76,254,95,3,163,1,148,1,176,253,2,0,254,255,255,255,189,16,253,255,143,1,89,43,76,246,32,246,1,45,0.2375,0.1789,0.2111
1590503185.8888252,248,255,81,254,102,3,163,1,148,1,176,253,4,0,254,255,1,0,189,16,253,255,143,1,89,43,75,246,31,246,1,45,0.2385,0.2102,0.1818
1590503185.9015794,251,255,79,254,109,3,163,1,148,1,176,253,3,0,1,0,0,0,189,16,253,255,144,1,89,43,74,246,30,246,0,45,0.2385,0.2102,0.1818
1590503185.9077442,252,255,79,254,105,3,150,1,131,1,176,253,253,255,255,255,1,0,189,16,253,255,144,1,88,43,73,246,30,246,0,45,0.2385,0.176,0.1818
1590503185.9176433,250,255,76,254,102,3,150,1,131,1,176,253,251,255,2,0,1,0,189,16,253,255,144,1,88,43,72,246,29,246,0,45,0.2385,0.176,0.2102
1590503185.9291484,252,255,73,254,93,3,150,1,131,1,176,253,2,0,2,0,1,0,189,16,253,255,144,1,88,43,71,246,27,246,0,45,0.2346,0.1818,0.1808
1590503185.9372156,251,255,77,254,99,3,150,1,131,1,176,253,4,0,0,0,0,0,189,16,253,255,144,1,88,43,70,246,26,246,0,45,0.2346,0.1818,0.1808
1590503185.9493775,252,255,78,254,110,3,150,1,131,1,176,253,2,0,254,255,255,255,189,16,253,255,144,1,87,43,69,246,25,246,255,44,0.2375,0.172,0.2141
1590503185.9613187,252,255,77,254,107,3,145,1,124,1,189,253,254,255,254,255,1,0,189,16,253,255,145,1,87,43,68,246,24,246,255,44,0.2933,0.1769,0.1848
1590503185.967481,252,255,76,254,105,3,145,1,124,1,189,253,251,255,0,0,255,255,189,16,253,255,145,1,87,43,67,246,24,246,255,44,0.2933,0.1769,0.1848
1590503185.9811099,249,255,77,254,96,3,145,1,124,1,189,253,255,255,0,0,0,0,189,16,253,255,145,1,87,43,66,246,23,246,255,44,0.261,0.1613,0.218
1590503185.987242,249,255,78,254,101,3,145,1,124,1,189,253,3,0,254,255,1,0,189,16,253,255,145,1,87,43,65,246,22,246,255,44,0.261,0.1613,0.218
1590503186.000345,250,255,77,254,107,3,145,1,124,1,189,253,5,0,255,255,255,255,189,16,253,255,145,1,86,43,64,246,21,246,254,44,0.2923,0.1672,0.218
1590503186.0073771,252,255,77,254,110,3,145,1,137,1,168,253,3,0,254,255,1,0,189,16,253,255,145,1,86,43,63,246,20,246,254,44,0.2923,0.1672,0.1857
1590503186.017918,250,255,76,254,102,3,145,1,137,1,168,253,253,255,254,255,2,0,189,16,253,255,145,1,86,43,62,246,19,246,254,44,0.2581,0.1672,0.1857
1590503186.0269623,250,255,76,254,95,3,145,1,137,1,168,253,253,255,255,255,2,0,189,16,253,255,146,1,86,43,61,246,18,246,254,44,0.2581,0.1681,0.1877
1590503186.0380352,251,255,76,254,98,3,145,1,137,1,168,253,1,0,2,0,255,255,189,16,253,255,146,1,85,43,60,246,17,246,254,44,0.2346,0.1681,0.1877
1590503186.0497324,252,255,79,254,108,3,145,1,137,1,168,253,3,0,1,0,1,0,189,16,253,255,146,1,85,43,59,246,16,246,253,44,0.2346,0.218,0.1691
1590503186.0594566,250,255,78,254,108,3,168,1,131,1,168,253,4,0,254,255,3,0,189,16,252,255,146,1,85,43,58,246,16,246,253,44,0.2287,0.2366,0.2111
1590503186.0674946,250,255,78,254,109,3,168,1,131,1,168,253,0,0,255,255,255,255,189,16,252,255,146,1,85,43,58,246,15,246,253,44,0.2287,0.2366,0.2111
1590503186.0773008,252,255,75,254,96,3,168,1,131,1,168,253,254,255,3,0,0,0,189,16,252,255,146,1,85,43,57,246,14,246,253,44,0.2414,0.2033,0.1554
1590503186.0876167,251,255,77,254,100,3,168,1,131,1,168,253,254,255,2,0,0,0,189,16,252,255,146,1,85,43,56,246,13,246,253,44,0.2414,0.2033,0.1554
1590503186.0999339,251,255,75,254,107,3,168,1,131,1,168,253,3,0,0,0,0,0,189,16,252,255,147,1,84,43,55,246,12,246,252,44,0.2385,0.2239,0.2023
1590503186.110091,249,255,80,254,110,3,163,1,131,1,183,253,5,0,1,0,0,0,189,16,252,255,147,1,84,43,54,246,12,246,252,44,0.2395,0.2239,0.2023
1590503186.117624,252,255,79,254,108,3,163,1,131,1,183,253,1,0,1,0,255,255,189,16,252,255,147,1,84,43,53,246,11,246,252,44,0.2395,0.1505,0.1535
1590503186.1324322,251,255,77,254,95,3,163,1,131,1,183,253,255,255,255,255,1,0,189,16,252,255,147,1,84,43,53,246,10,246,252,44,0.2375,0.1632,0.2141
1590503186.1392481,253,255,75,254,101,3,163,1,131,1,183,253,254,255,0,0,0,0,189,16,252,255,147,1,84,43,52,246,9,246,252,44,0.2375,0.1632,0.2141
1590503186.1504474,250,255,76,254,103,3,163,1,131,1,183,253,0,0,255,255,2,0,189,16,252,255,147,1,83,43,51,246,9,246,252,44,0.2385,0.1632,0.2141
1590503186.1580622,250,255,78,254,111,3,156,1,144,1,176,253,2,0,254,255,254,255,189,16,252,255,147,1,83,43,50,246,8,246,251,44,0.2385,0.1505,0.1984
1590503186.1681964,250,255,79,254,105,3,156,1,144,1,176,253,2,0,255,255,0,0,189,16,252,255,147,1,83,43,49,246,7,246,251,44,0.2375,0.1505,0.1984
1590503186.1774325,250,255,77,254,96,3,156,1,144,1,176,253,255,255,255,255,1,0,189,16,252,255,148,1,83,43,49,246,7,246,251,44,0.2375,0.1632,0.2023
1590503186.1916118,250,255,76,254,95,3,156,1,144,1,176,253,255,255,0,0,0,0,189,16,252,255,148,1,83,43,48,246,6,246,251,44,0.2385,0.1525,0.1779
1590503186.2021806,251,255,76,254,107,3,156,1,144,1,176,253,255,255,1,0,0,0,189,16,252,255,148,1,83,43,47,246,5,246,251,44,0.2385,0.1525,0.1779
1590503186.210317,250,255,76,254,107,3,150,1,144,1,168,253,2,0,0,0,1,0,189,16,252,255,148,1,82,43,46,246,4,246,251,44,0.2385,0.2023,0.1779
1590503186.218003,251,255,80,254,108,3,150,1,144,1,168,253,4,0,3,0,0,0,189,16,252,255,148,1,82,43,45,246,4,246,251,44,0.2385,0.2023,0.1779
1590503186.2296598,251,255,78,254,96,3,150,1,144,1,168,253,2,0,0,0,255,255,189,16,252,255,148,1,82,43,45,246,3,246,250,44,0.2375,0.1603,0.1603
1590503186.2387898,248,255,76,254,99,3,150,1,144,1,168,253,254,255,0,0,2,0,189,16,252,255,148,1,82,43,44,246,3,246,250,44,0.2375,0.1603,0.1603
1590503186.250954,251,255,79,254,106,3,150,1,144,1,168,253,0,0,2,0,1,0,189,16,252,255,148,1,82,43,43,246,2,246,250,44,0.2346,0.218,0.172
1590503186.2597313,251,255,77,254,108,3,150,1,124,1,183,253,1,0,1,0,1,0,189,16,252,255,148,1,82,43,42,246,1,246,250,44,0.2346,0.218,0.172
1590503186.2685611,250,255,79,254,104,3,150,1,124,1,183,253,3,0,255,255,1,0,189,16,252,255,149,1,81,43,42,246,1,246,250,44,0.2375,0.1681,0.174
1590503186.2830753,251,255,78,254,94,3,150,1,124,1,183,253,254,255,1,0,1,0,189,16,252,255,149,1,81,43,41,246,0,246,250,44,0.2287,0.2297,0.174
1590503186.2893825,251,255,77,254,100,3,150,1,124,1,183,253,253,255,255,255,2,0,189,16,252,255,149,1,81,43,40,246,255,245,250,44,0.2287,0.2297,0.175
1590503186.3045466,252,255,79,254,106,3,150,1,124,1,183,253,255,255,0,0,1,0,189,16,252,255,149,1,81,43,40,246,255,245,249,44,0.2385,0.1887,0.175
1590503186.3104806,250,255,78,254,105,3,163,1,137,1,188,253,2,0,255,255,0,0,189,16,252,255,149,1,81,43,39,246,254,245,249,44,0.2385,0.1887,0.1916
1590503186.3199909,250,255,78,254,108,3,163,1,137,1,188,253,4,0,0,0,1,0,189,16,252,255,149,1,81,43,38,246,254,245,249,44,0.2581,0.1887,0.1916
1590503186.3281827,254,255,79,254,98,3,163,1,137,1,188,253,1,0,3,0,255,255,189,16,252,255,149,1,81,43,38,246,253,245,249,44,0.2581,0.218,0.1935
1590503186.342522,252,255,78,254,102,3,163,1,137,1,188,253,254,255,0,0,0,0,189,16,252,255,149,1,80,43,37,246,253,245,249,44,0.2414,0.1799,0.1906
1590503186.351039,252,255,76,254,103,3,163,1,137,1,188,253,253,255,1,0,255,255,189,16,252,255,149,1,80,43,37,246,252,245,249,44,0.2414,0.1799,0.1906
1590503186.3626292,250,255,77,254,106,3,145,1,131,1,183,253,255,255,3,0,0,0,189,16,252,255,149,1,80,43,36,246,251,245,249,44,0.262,0.2141,0.1926
1590503186.3685482,250,255,78,254,109,3,145,1,131,1,183,253,5,0,0,0,2,0,189,16,252,255,150,1,80,43,36,246,251,245,249,44,0.262,0.2141,0.1926
1590503186.3788602,249,255,80,254,100,3,145,1,131,1,183,253,4,0,0,0,1,0,189,16,252,255,150,1,80,43,35,246,251,245,248,44,0.2385,0.2141,0.1926
1590503186.38855,250,255,78,254,101,3,145,1,131,1,183,253,2,0,0,0,1,0,189,16,252,255,150,1,80,43,34,246,250,245,248,44,0.2385,0.1828,0.1877
1590503186.4021304,251,255,77,254,102,3,145,1,131,1,183,253,255,255,255,255,1,0,189,16,252,255,150,1,80,43,34,246,249,245,248,44,0.2346,0.217,0.1818
1590503186.4093482,252,255,76,254,107,3,145,1,144,1,183,253,254,255,253,255,1,0,189,16,252,255,150,1,80,43,33,246,249,245,248,44,0.2346,0.217,0.1818
1590503186.4197397,250,255,77,254,107,3,145,1,144,1,183,253,2,0,3,0,0,0,189,16,252,255,150,1,79,43,33,246,248,245,248,44,0.2385,0.176,0.2229
1590503186.4290538,252,255,79,254,98,3,145,1,144,1,183,253,3,0,0,0,255,255,189,16,252,255,150,1,79,43,32,246,248,245,248,44,0.2385,0.176,0.2229
1590503186.4403145,253,255,80,254,98,3,145,1,144,1,183,253,1,0,1,0,0,0,189,16,252,255,150,1,79,43,32,246,247,245,248,44,0.2307,0.1818,0.1808
1590503186.456766,248,255,75,254,104,3,145,1,144,1,183,253,0,0,2,0,254,255,189,16,252,255,150,1,79,43,31,246,247,245,248,44,0.2375,0.1867,0.2258
1590503186.46277,252,255,75,254,107,3,139,1,124,1,176,253,255,255,1,0,1,0,189,16,252,255,150,1,79,43,30,246,246,245,247,44,0.2375,0.1867,0.2258
1590503186.4695199,252,255,77,254,106,3,139,1,124,1,176,253,3,0,254,255,0,0,189,16,252,255,150,1,79,43,30,246,246,245,247,44,0.2375,0.1867,0.2258
1590503186.4799218,251,255,79,254,96,3,139,1,124,1,176,253,2,0,0,0,2,0,189,16,252,255,151,1,79,43,29,246,245,245,247,44,0.2454,0.1857,0.1799
1590503186.4937394,250,255,76,254,104,3,139,1,124,1,176,253,1,0,255,255,255,255,189,16,252,255,151,1,79,43,29,246,245,245,247,44,0.2424,0.1642,0.2336
1590503186.5022402,252,255,79,254,107,3,139,1,124,1,176,253,255,255,2,0,255,255,189,16,252,255,151,1,78,43,28,246,244,245,247,44,0.2424,0.1642,0.2336
1590503186.5135572,250,255,77,254,108,3,163,1,131,1,164,253,253,255,254,255,0,0,189,16,252,255,151,1,78,43,28,246,244,245,247,44,0.2463,0.1769,0.176
1590503186.5197554,252,255,76,254,102,3,163,1,131,1,164,253,1,0,255,255,2,0,189,16,252,255,151,1,78,43,27,246,243,245,247,44,0.2463,0.1769,0.176
1590503186.5332315,251,255,76,254,94,3,163,1,131,1,164,253,0,0,254,255,255,255,189,16,252,255,151,1,78,43,27,246,243,245,247,44,0.2414,0.1769,0.1779
1590503186.5402727,250,255,76,254,104,3,163,1,131,1,164,253,2,0,1,0,255,255,189,16,252,255,151,1,78,43,26,246,242,245,246,44,0.2414,0.1769,0.1779
1590503186.5524926,250,255,78,254,104,3,163,1,131,1,164,253,1,0,1,0,2,0,189,16,252,255,151,1,78,43,25,246,242,245,246,44,0.2483,0.1613,0.1779
