time,acc raw,,,,,,mag raw,,,,,,gyr raw,,,,,,orientation fusion,,,,,,quaternion fusion,,,,,,,,IR on A0,IR on A1,IR on A2
1590504579.4355004,0,0,54,254,100,3,152,1,36,1,205,253,0,0,10,0,1,0,175,16,10,0,193,1,188,42,146,245,121,244,9,45,0.1525,0.1642,0.563
1590504579.4512026,0,0,57,254,97,3,152,1,30,1,192,253,9,0,11,0,0,0,175,16,10,0,193,1,188,42,145,245,123,244,9,45,0.0841,0.1662,0.4936
1590504579.463048,0,0,56,254,93,3,152,1,30,1,192,253,5,0,3,0,0,0,175,16,10,0,193,1,188,42,145,245,123,244,9,45,0.044,0.1564,0.4633
1590504579.471574,0,0,57,254,95,3,152,1,30,1,192,253,1,0,255,255,1,0,175,16,10,0,193,1,188,42,145,245,123,244,9,45,0.044,0.1564,0.4633
1590504579.4854014,3,0,56,254,102,3,152,1,30,1,192,253,253,255,250,255,0,0,175,16,9,0,193,1,188,42,145,245,124,244,9,45,0.131,0.1652,0.4604
1590504579.4956844,3,0,54,254,103,3,158,1,36,1,205,253,251,255,250,255,1,0,177,16,9,0,193,1,197,42,142,245,126,244,0,45,0.1251,0.1799,0.4624
1590504579.5015416,1,0,55,254,104,3,158,1,36,1,205,253,1,0,2,0,4,0,177,16,9,0,193,1,197,42,142,245,126,244,1,45,0.1251,0.1799,0.4624
1590504579.51432,0,0,53,254,87,3,158,1,36,1,205,253,2,0,9,0,5,0,177,16,9,0,193,1,197,42,142,245,127,244,1,45,0.1672,0.1613,0.4624
1590504579.521425,0,0,54,254,96,3,158,1,36,1,205,253,253,255,6,0,2,0,177,16,9,0,193,1,197,42,142,245,127,244,1,45,0.1672,0.1613,0.4604
1590504579.5354831,5,0,54,254,101,3,158,1,36,1,205,253,1,0,9,0,0,0,177,16,9,0,193,1,197,42,142,245,127,244,1,45,0.1642,0.1984,0.4604
1590504579.5420003,255,255,57,254,98,3,139,1,30,1,205,253,7,0,12,0,3,0,177,16,9,0,193,1,200,42,140,245,129,244,254,44,0.1642,0.1984,0.4614
1590504579.5525827,0,0,59,254,93,3,139,1,30,1,205,253,3,0,10,0,2,0,177,16,9,0,193,1,200,42,140,245,130,244,254,44,0.1887,0.1672,0.4614
1590504579.5619218,254,255,57,254,88,3,139,1,30,1,205,253,251,255,6,0,0,0,177,16,9,0,193,1,200,42,140,245,130,244,254,44,0.1887,0.1672,0.4604
1590504579.575107,0,0,57,254,91,3,139,1,30,1,205,253,245,255,4,0,4,0,177,16,9,0,193,1,200,42,139,245,129,244,254,44,0.1975,0.1632,0.4927
1590504579.584878,255,255,53,254,105,3,139,1,30,1,205,253,241,255,1,0,5,0,177,16,9,0,193,1,200,42,138,245,129,244,254,44,0.1975,0.1632,0.4927
1590504579.592369,0,0,56,254,108,3,169,1,30,1,199,253,245,255,3,0,4,0,177,16,9,0,193,1,200,42,137,245,129,244,254,44,0.2239,0.1632,0.4927
1590504579.6019163,0,0,52,254,106,3,169,1,30,1,199,253,250,255,0,0,5,0,177,16,9,0,193,1,200,42,137,245,129,244,254,44,0.2239,0.1584,0.4614
1590504579.6118188,0,0,56,254,91,3,169,1,30,1,199,253,254,255,5,0,6,0,177,16,9,0,193,1,200,42,137,245,129,244,254,44,0.2454,0.1486,0.4614
1590504579.622012,0,0,57,254,95,3,169,1,30,1,199,253,255,255,1,0,7,0,177,16,9,0,193,1,200,42,137,245,130,244,254,44,0.2454,0.1486,0.4946
1590504579.634818,253,255,55,254,96,3,169,1,30,1,199,253,253,255,0,0,2,0,177,16,9,0,193,1,200,42,136,245,130,244,254,44,0.2248,0.1466,0.4604
1590504579.6440003,252,255,57,254,97,3,158,1,43,1,205,253,249,255,251,255,2,0,177,16,9,0,193,1,200,42,136,245,131,244,254,44,0.2239,0.1466,0.4604
1590504579.6543674,253,255,55,254,96,3,158,1,43,1,205,253,247,255,246,255,1,0,177,16,9,0,193,1,199,42,137,245,130,244,254,44,0.2239,0.1427,0.4966
1590504579.6672318,0,0,55,254,89,3,158,1,43,1,205,253,254,255,248,255,5,0,177,16,9,0,193,1,199,42,136,245,131,244,254,44,0.2111,0.1427,0.4585
1590504579.6732898,0,0,58,254,96,3,158,1,43,1,205,253,1,0,250,255,5,0,177,16,9,0,193,1,199,42,136,245,131,244,254,44,0.2111,0.1427,0.4585
1590504579.689399,3,0,55,254,101,3,158,1,43,1,205,253,2,0,252,255,9,0,177,16,9,0,193,1,199,42,136,245,131,244,254,44,0.2092,0.1476,0.4976
1590504579.6953282,3,0,52,254,109,3,163,1,36,1,186,253,7,0,4,0,9,0,177,16,9,0,193,1,199,42,136,245,132,244,255,44,0.2092,0.1476,0.4976
1590504579.7046714,3,0,54,254,108,3,163,1,36,1,186,253,5,0,5,0,8,0,177,16,9,0,193,1,199,42,136,245,132,244,255,44,0.2043,0.1457,0.4976
1590504579.7123625,253,255,55,254,96,3,163,1,36,1,186,253,7,0,6,0,255,255,177,16,9,0,193,1,199,42,136,245,132,244,255,44,0.2043,0.1457,0.4585
1590504579.72662,253,255,57,254,94,3,163,1,36,1,186,253,4,0,5,0,3,0,177,16,9,0,193,1,199,42,136,245,132,244,255,44,0.2004,0.1554,0.4995
1590504579.735175,255,255,57,254,96,3,163,1,36,1,186,253,4,0,3,0,1,0,177,16,8,0,193,1,199,42,136,245,133,244,255,44,0.2004,0.1554,0.4995
1590504579.742687,255,255,56,254,98,3,158,1,30,1,192,253,2,0,1,0,0,0,177,16,8,0,193,1,199,42,136,245,133,244,255,44,0.2004,0.1554,0.4995
1590504579.7525263,0,0,56,254,97,3,158,1,30,1,192,253,4,0,0,0,2,0,177,16,8,0,193,1,199,42,136,245,134,244,255,44,0.2131,0.1544,0.5288
1590504579.7671256,2,0,56,254,89,3,158,1,30,1,192,253,4,0,0,0,0,0,177,16,8,0,193,1,199,42,135,245,134,244,255,44,0.2092,0.1525,0.4985
1590504579.7729936,0,0,56,254,98,3,158,1,30,1,192,253,11,0,6,0,0,0,177,16,8,0,193,1,199,42,136,245,135,244,255,44,0.2092,0.1525,0.4985
1590504579.785924,0,0,57,254,102,3,158,1,30,1,192,253,12,0,11,0,1,0,177,16,8,0,193,1,200,42,136,245,136,244,255,44,0.2141,0.1564,0.5249
1590504579.7952502,253,255,58,254,107,3,152,1,25,1,192,253,12,0,12,0,1,0,177,16,8,0,193,1,200,42,136,245,138,244,0,45,0.2307,0.1564,0.5249
1590504579.8055303,254,255,58,254,103,3,152,1,25,1,192,253,9,0,9,0,254,255,177,16,8,0,193,1,200,42,136,245,139,244,0,45,0.2307,0.1642,0.4995
1590504579.8130136,253,255,57,254,91,3,152,1,25,1,192,253,3,0,6,0,0,0,177,16,8,0,193,1,200,42,136,245,139,244,0,45,0.2307,0.1642,0.4995
1590504579.8253126,255,255,56,254,95,3,152,1,25,1,192,253,0,0,4,0,0,0,177,16,8,0,193,1,200,42,135,245,140,244,0,45,0.2278,0.1994,0.4673
1590504579.8398108,254,255,56,254,98,3,152,1,25,1,192,253,0,0,3,0,0,0,177,16,8,0,192,1,200,42,135,245,140,244,0,45,0.1887,0.1681,0.5015
1590504579.846157,0,0,56,254,100,3,158,1,30,1,173,253,253,255,253,255,1,0,177,16,8,0,192,1,200,42,135,245,140,244,0,45,0.1887,0.1681,0.5015
1590504579.8526392,254,255,55,254,101,3,158,1,30,1,173,253,0,0,250,255,0,0,177,16,8,0,192,1,200,42,135,245,141,244,0,45,0.1887,0.1681,0.5015
1590504579.8662286,253,255,56,254,92,3,158,1,30,1,173,253,0,0,251,255,255,255,177,16,8,0,192,1,200,42,135,245,141,244,0,45,0.1857,0.2102,0.4633
1590504579.8774295,254,255,56,254,97,3,158,1,30,1,173,253,1,0,251,255,0,0,177,16,8,0,192,1,200,42,135,245,141,244,0,45,0.1584,0.1769,0.4692
1590504579.8861177,255,255,57,254,100,3,158,1,30,1,173,253,251,255,249,255,255,255,177,16,8,0,192,1,200,42,135,245,142,244,0,45,0.1584,0.1769,0.4692
1590504579.897441,255,255,55,254,102,3,158,1,36,1,199,253,254,255,0,0,255,255,177,16,8,0,192,1,200,42,134,245,142,244,1,45,0.1564,0.2786,0.4624
1590504579.904276,255,255,55,254,98,3,158,1,36,1,199,253,250,255,252,255,0,0,177,16,8,0,192,1,200,42,134,245,142,244,1,45,0.1564,0.2786,0.4624
1590504579.9162252,0,0,56,254,90,3,158,1,36,1,199,253,252,255,254,255,255,255,177,16,8,0,192,1,200,42,134,245,143,244,1,45,0.1642,0.2639,0.4673
1590504579.9233243,0,0,56,254,95,3,158,1,36,1,199,253,253,255,1,0,0,0,177,16,8,0,192,1,200,42,134,245,143,244,1,45,0.1642,0.2639,0.4673
1590504579.9362805,254,255,58,254,97,3,158,1,36,1,199,253,1,0,6,0,2,0,177,16,8,0,192,1,199,42,134,245,143,244,1,45,0.1926,0.219,0.4673
1590504579.9440007,254,255,55,254,104,3,145,1,36,1,192,253,0,0,0,0,255,255,177,16,8,0,192,1,199,42,134,245,143,244,1,45,0.1926,0.219,0.4673
1590504579.954169,255,255,56,254,103,3,145,1,36,1,192,253,254,255,255,255,1,0,177,16,7,0,192,1,199,42,134,245,144,244,1,45,0.1818,0.2424,0.4673
1590504579.9646251,255,255,54,254,93,3,145,1,36,1,192,253,2,0,255,255,255,255,177,16,7,0,192,1,199,42,134,245,144,244,1,45,0.1818,0.2424,0.4712
1590504579.9756176,0,0,54,254,99,3,145,1,36,1,192,253,0,0,254,255,255,255,177,16,7,0,192,1,199,42,134,245,144,244,1,45,0.218,0.1564,0.5015
1590504579.9917607,0,0,55,254,102,3,145,1,36,1,192,253,1,0,254,255,0,0,177,16,7,0,192,1,199,42,133,245,144,244,1,45,0.1896,0.1691,0.4712
1590504579.997479,255,255,56,254,101,3,128,1,36,1,192,253,1,0,255,255,254,255,177,16,7,0,192,1,199,42,133,245,145,244,1,45,0.1896,0.1691,0.4712
1590504580.004429,0,0,56,254,103,3,128,1,36,1,192,253,1,0,2,0,255,255,177,16,7,0,192,1,199,42,133,245,145,244,1,45,0.1896,0.1691,0.4712
1590504580.0149062,253,255,58,254,86,3,128,1,36,1,192,253,1,0,3,0,0,0,177,16,7,0,192,1,199,42,133,245,145,244,1,45,0.2258,0.1505,0.4956
1590504580.0263934,253,255,56,254,94,3,128,1,36,1,192,253,255,255,3,0,0,0,177,16,7,0,192,1,199,42,133,245,145,244,1,45,0.1975,0.1789,0.4956
1590504580.0365255,255,255,59,254,95,3,128,1,36,1,192,253,255,255,2,0,1,0,177,16,7,0,192,1,199,42,133,245,145,244,1,45,0.1975,0.1789,0.5005
1590504580.0486188,254,255,55,254,103,3,158,1,30,1,192,253,254,255,255,255,255,255,177,16,7,0,192,1,199,42,133,245,145,244,1,45,0.1965,0.1486,0.4604
1590504580.0552819,0,0,55,254,99,3,158,1,30,1,192,253,0,0,250,255,255,255,177,16,7,0,192,1,199,42,133,245,145,244,1,45,0.1965,0.1486,0.4604
1590504580.0676563,0,0,55,254,92,3,158,1,30,1,192,253,253,255,250,255,255,255,177,16,7,0,192,1,199,42,133,245,145,244,1,45,0.1828,0.1496,0.522
1590504580.0735083,254,255,54,254,99,3,158,1,30,1,192,253,252,255,251,255,255,255,177,16,7,0,192,1,199,42,133,245,145,244,1,45,0.1828,0.1496,0.522
1590504580.0868545,255,255,57,254,103,3,158,1,30,1,192,253,1,0,253,255,254,255,177,16,7,0,192,1,199,42,133,245,145,244,1,45,0.1828,0.1515,0.522
1590504580.0941827,0,0,55,254,105,3,139,1,25,1,180,253,253,255,255,255,0,0,177,16,7,0,192,1,199,42,133,245,145,244,1,45,0.1828,0.1515,0.4604
1590504580.1046138,254,255,56,254,103,3,139,1,25,1,180,253,254,255,255,255,254,255,177,16,7,0,192,1,199,42,133,245,145,244,1,45,0.1799,0.1515,0.4604
1590504580.113885,253,255,58,254,90,3,139,1,25,1,180,253,254,255,252,255,252,255,177,16,7,0,192,1,199,42,133,245,145,244,1,45,0.1799,0.1515,0.5249
1590504580.1251223,0,0,58,254,93,3,139,1,25,1,180,253,252,255,247,255,255,255,177,16,7,0,192,1,199,42,133,245,145,244,1,45,0.1789,0.1554,0.5249
1590504580.1372335,255,255,56,254,95,3,139,1,25,1,180,253,245,255,246,255,251,255,177,16,7,0,192,1,199,42,133,245,144,244,1,45,0.1789,0.1554,0.4614
1590504580.1453207,0,0,57,254,100,3,145,1,30,1,192,253,245,255,245,255,255,255,177,16,8,0,192,1,199,42,133,245,142,244,1,45,0.172,0.1447,0.4614
1590504580.154758,0,0,56,254,101,3,145,1,30,1,192,253,248,255,243,255,254,255,177,16,8,0,192,1,198,42,134,245,141,244,1,45,0.172,0.1447,0.5259
1590504580.1645608,1,0,56,254,93,3,145,1,30,1,192,253,249,255,248,255,255,255,177,16,8,0,192,1,198,42,134,245,141,244,1,45,0.1711,0.1584,0.5259
1590504580.1782632,0,0,54,254,101,3,145,1,30,1,192,253,251,255,251,255,0,0,177,16,8,0,192,1,198,42,134,245,141,244,1,45,0.1711,0.1818,0.4614
1590504580.1868932,254,255,54,254,102,3,145,1,30,1,192,253,252,255,251,255,0,0,177,16,8,0,192,1,198,42,134,245,141,244,1,45,0.1711,0.1818,0.4682
1590504580.1998146,248,255,63,254,103,3,134,1,36,1,180,253,253,255,255,255,0,0,177,16,8,0,192,1,198,42,134,245,141,244,1,45,0.1672,0.1681,0.4614
1590504580.2059176,239,255,69,254,99,3,134,1,36,1,180,253,251,255,0,0,6,0,177,16,8,0,192,1,198,42,134,245,141,244,1,45,0.1672,0.1681,0.4614
1590504580.219254,232,255,70,254,87,3,134,1,36,1,180,253,249,255,2,0,21,0,177,16,7,0,192,1,197,42,133,245,144,244,3,45,0.1877,0.1984,0.4643
1590504580.225845,246,255,62,254,96,3,134,1,36,1,180,253,248,255,4,0,54,0,176,16,7,0,192,1,194,42,132,245,146,244,7,45,0.1877,0.1984,0.4643
1590504580.2396555,255,255,53,254,96,3,134,1,36,1,180,253,250,255,250,255,82,0,175,16,6,0,192,1,188,42,130,245,148,244,12,45,0.1916,0.1711,0.4614
1590504580.2450185,7,0,49,254,97,3,145,1,36,1,186,253,254,255,245,255,94,0,174,16,6,0,192,1,182,42,129,245,149,244,17,45,0.1916,0.1711,0.4614
1590504580.2580798,11,0,43,254,100,3,145,1,36,1,186,253,255,255,245,255,85,0,173,16,6,0,192,1,177,42,128,245,149,244,22,45,0.2053,0.2063,0.4624
1590504580.2655897,13,0,47,254,94,3,145,1,36,1,186,253,1,0,248,255,63,0,173,16,6,0,192,1,173,42,128,245,150,244,26,45,0.2053,0.2063,0.4624
1590504580.2754,7,0,51,254,99,3,145,1,36,1,186,253,7,0,254,255,44,0,172,16,5,0,192,1,171,42,127,245,151,244,29,45,0.1896,0.1662,0.4624
1590504580.2882042,4,0,52,254,106,3,145,1,36,1,186,253,4,0,4,0,26,0,172,16,5,0,192,1,169,42,126,245,151,244,30,45,0.1896,0.1662,0.4604
1590504580.2993495,254,255,56,254,101,3,152,1,30,1,205,253,0,0,5,0,12,0,172,16,5,0,192,1,168,42,126,245,151,244,31,45,0.2033,0.175,0.4663
1590504580.3055966,252,255,57,254,98,3,152,1,30,1,205,253,2,0,5,0,9,0,172,16,5,0,192,1,168,42,126,245,152,244,31,45,0.2033,0.175,0.4663
1590504580.3159966,255,255,55,254,90,3,152,1,30,1,205,253,252,255,0,0,8,0,172,16,5,0,192,1,168,42,126,245,152,244,31,45,0.1857,0.1593,0.4663
1590504580.326068,254,255,57,254,90,3,152,1,30,1,205,253,255,255,0,0,10,0,172,16,5,0,192,1,168,42,126,245,152,244,31,45,0.1857,0.1593,0.4643
1590504580.3384502,253,255,55,254,98,3,152,1,30,1,205,253,253,255,247,255,8,0,172,16,5,0,192,1,167,42,126,245,152,244,32,45,0.2346,0.1672,0.4673
1590504580.3510685,0,0,52,254,103,3,158,1,36,1,199,253,255,255,246,255,7,0,172,16,5,0,192,1,167,42,126,245,152,244,32,45,0.0909,0.1662,0.4643
1590504580.3567464,2,0,53,254,105,3,158,1,36,1,199,253,6,0,249,255,2,0,172,16,5,0,192,1,167,42,126,245,152,244,32,45,0.0909,0.1662,0.4643
1590504580.370544,254,255,54,254,96,3,158,1,36,1,199,253,11,0,0,0,254,255,172,16,5,0,192,1,167,42,127,245,153,244,32,45,0.1398,0.1711,0.4663
1590504580.3767319,255,255,57,254,96,3,158,1,36,1,199,253,10,0,0,0,253,255,172,16,5,0,192,1,168,42,127,245,153,244,32,45,0.1398,0.1711,0.4663
1590504580.3899052,254,255,56,254,98,3,158,1,36,1,199,253,5,0,0,0,254,255,172,16,5,0,192,1,168,42,127,245,154,244,32,45,0.1144,0.1632,0.4643
1590504580.3966582,253,255,55,254,102,3,158,1,36,1,173,253,1,0,0,0,254,255,172,16,5,0,192,1,168,42,127,245,154,244,32,45,0.1144,0.1632,0.4643
1590504580.4096856,252,255,55,254,95,3,158,1,36,1,173,253,3,0,1,0,1,0,172,16,5,0,192,1,168,42,127,245,154,244,32,45,0.175,0.1701,0.4673
1590504580.4158597,253,255,58,254,90,3,158,1,36,1,173,253,6,0,2,0,1,0,172,16,5,0,192,1,167,42,127,245,154,244,32,45,0.175,0.1701,0.4673
1590504580.4302459,0,0,56,254,95,3,158,1,36,1,173,253,5,0,255,255,254,255,172,16,5,0,192,1,167,42,127,245,154,244,32,45,0.0831,0.1672,0.4633
1590504580.4432702,0,0,54,254,105,3,158,1,36,1,173,253,8,0,6,0,1,0,172,16,5,0,192,1,167,42,127,245,155,244,32,45,0.1251,0.175,0.4633
1590504580.4507573,253,255,55,254,103,3,158,1,30,1,186,253,2,0,254,255,254,255,172,16,5,0,192,1,167,42,127,245,155,244,32,45,0.1251,0.175,0.4673
1590504580.4571154,253,255,54,254,109,3,158,1,30,1,186,253,255,255,253,255,253,255,172,16,5,0,192,1,167,42,127,245,155,244,33,45,0.1251,0.175,0.4673
1590504580.4668596,248,255,60,254,89,3,158,1,30,1,186,253,3,0,2,0,255,255,172,16,5,0,192,1,167,42,127,245,156,244,33,45,0.1261,0.1584,0.4673
1590504580.4763298,250,255,55,254,94,3,158,1,30,1,186,253,249,255,249,255,254,255,172,16,5,0,192,1,167,42,126,245,156,244,33,45,0.1261,0.1584,0.5249
1590504580.4892612,253,255,54,254,103,3,158,1,30,1,186,253,247,255,243,255,254,255,172,16,5,0,192,1,167,42,127,245,155,244,33,45,0.1408,0.2219,0.4673
1590504580.4966173,3,0,52,254,106,3,169,1,36,1,205,253,3,0,242,255,253,255,172,16,5,0,192,1,167,42,128,245,155,244,33,45,0.1408,0.2219,0.4673
1590504580.5086453,7,0,55,254,103,3,169,1,36,1,205,253,10,0,2,0,254,255,172,16,5,0,192,1,167,42,129,245,155,244,33,45,0.1378,0.1525,0.5269
1590504580.5171373,254,255,56,254,87,3,169,1,36,1,205,253,8,0,12,0,254,255,172,16,5,0,192,1,167,42,128,245,156,244,33,45,0.1378,0.1525,0.5269
1590504580.5292418,253,255,53,254,101,3,169,1,36,1,205,253,2,0,2,0,1,0,172,16,5,0,192,1,167,42,128,245,156,244,33,45,0.1584,0.1975,0.4702
1590504580.5425029,249,255,55,254,106,3,169,1,36,1,205,253,1,0,7,0,254,255,172,16,5,0,192,1,167,42,128,245,157,244,33,45,0.176,0.1408,0.4721
1590504580.5486152,247,255,57,254,104,3,152,1,30,1,192,253,4,0,4,0,254,255,172,16,5,0,192,1,167,42,127,245,157,244,33,45,0.176,0.1408,0.4721
1590504580.5615644,253,255,56,254,102,3,152,1,30,1,192,253,253,255,250,255,253,255,172,16,5,0,192,1,167,42,127,245,157,244,34,45,0.2004,0.1447,0.5054
1590504580.5674236,1,0,57,254,91,3,152,1,30,1,192,253,255,255,251,255,254,255,172,16,5,0,192,1,167,42,127,245,158,244,34,45,0.2004,0.1447,0.5054
1590504580.5808878,1,0,58,254,89,3,152,1,30,1,192,253,0,0,255,255,255,255,172,16,5,0,192,1,167,42,127,245,158,244,34,45,0.175,0.174,0.4673
1590504580.589326,254,255,58,254,98,3,152,1,30,1,192,253,0,0,254,255,255,255,172,16,5,0,192,1,167,42,127,245,158,244,34,45,0.175,0.174,0.4673
1590504580.599461,250,255,57,254,99,3,139,1,36,1,186,253,253,255,251,255,253,255,172,16,5,0,192,1,167,42,127,245,158,244,34,45,0.2258,0.1486,0.5044
1590504581.456287,0,0,61,254,96,3,145,1,30,1,180,253,245,255,234,255,253,255,170,16,4,0,191,1,157,42,125,245,163,244,44,45,0.1241,0.1711,0.4673
1590504581.4622803,242,255,62,254,119,3,145,1,30,1,180,253,238,255,236,255,254,255,170,16,4,0,192,1,157,42,125,245,160,244,44,45,0.1241,0.1711,0.4673
1590504581.4745495,226,255,71,254,98,3,145,1,30,1,180,253,244,255,250,255,15,0,170,16,4,0,192,1,155,42,124,245,162,244,45,45,0.1378,0.1466,0.4633
1590504581.4804616,192,255,77,254,119,3,145,1,30,1,180,253,255,255,236,255,48,0,169,16,4,0,192,1,152,42,125,245,161,244,48,45,0.1378,0.1466,0.4633
1590504581.494854,160,255,89,254,111,3,145,1,30,1,180,253,14,0,221,255,88,0,168,16,4,0,191,1,146,42,126,245,161,244,54,45,0.1437,0.1789,0.4682
1590504581.5003989,121,255,99,254,116,3,139,1,25,1,199,253,18,0,154,255,136,0,167,16,4,0,191,1,137,42,131,245,158,244,63,45,0.1437,0.1789,0.4682
1590504581.515512,111,255,108,254,151,3,139,1,25,1,199,253,24,0,20,255,195,0,164,16,5,0,191,1,121,42,144,245,149,244,78,45,0.1496,0.1544,0.4624
1590504581.5221322,201,255,120,254,61,3,139,1,25,1,199,253,74,0,19,255,64,1,161,16,5,0,190,1,99,42,158,245,145,244,101,45,0.1496,0.1544,0.4624
1590504581.5319185,200,255,94,254,93,3,139,1,25,1,199,253,12,0,165,255,247,1,156,16,4,0,190,1,67,42,157,245,147,244,131,45,0.1525,0.1867,0.4624
1590504581.5455778,196,255,80,254,100,3,139,1,25,1,199,253,237,255,235,255,107,2,150,16,1,0,190,1,28,42,147,245,153,244,167,45,0.173,0.1867,0.4692
1590504581.550854,11,0,118,254,73,3,139,1,30,1,167,253,226,255,228,255,175,2,143,16,255,255,191,1,240,41,137,245,160,244,206,45,0.173,0.1867,0.4692
1590504581.561207,238,255,116,254,93,3,139,1,30,1,167,253,179,255,41,0,248,2,135,16,252,255,191,1,193,41,118,245,168,244,248,45,0.173,0.1593,0.5269
1590504581.5735202,214,255,142,254,97,3,139,1,30,1,167,253,128,255,180,0,87,3,128,16,246,255,193,1,140,41,87,245,182,244,35,46,0.172,0.1945,0.4761
1590504581.5810604,227,255,170,254,127,3,139,1,30,1,167,253,75,255,200,0,122,3,119,16,240,255,194,1,85,41,50,245,195,244,79,46,0.172,0.1945,0.4761
1590504581.5943077,38,0,226,254,159,3,139,1,30,1,167,253,74,255,36,0,128,3,111,16,236,255,196,1,27,41,24,245,199,244,126,46,0.1945,0.1593,0.5357
1590504581.6056068,14,0,232,254,57,3,163,1,19,1,180,253,238,255,174,255,222,3,101,16,232,255,196,1,219,40,13,245,208,244,181,46,0.219,0.1945,0.4868
1590504581.6119518,4,0,214,254,98,3,163,1,19,1,180,253,0,0,174,255,66,4,90,16,228,255,196,1,149,40,2,245,220,244,243,46,0.219,0.1945,0.4868
1590504581.6260362,252,255,207,254,122,3,163,1,19,1,180,253,187,255,170,255,158,4,79,16,223,255,196,1,71,40,242,244,228,244,52,47,0.2141,0.1564,0.5484
1590504581.6325793,242,255,199,254,89,3,163,1,19,1,180,253,245,255,147,255,241,4,66,16,218,255,196,1,245,39,230,244,240,244,122,47,0.2141,0.1564,0.5484
1590504581.6447675,237,255,192,254,120,3,163,1,19,1,180,253,228,255,142,255,60,5,53,16,213,255,195,1,156,39,215,244,252,244,195,47,0.2033,0.1711,0.5484
1590504581.6506076,231,255,187,254,112,3,169,1,251,0,205,253,214,255,134,255,121,5,39,16,208,255,195,1,64,39,200,244,9,245,14,48,0.2033,0.1711,0.4936
1590504581.6617517,218,255,182,254,119,3,169,1,251,0,205,253,209,255,135,255,182,5,25,16,202,255,195,1,223,38,184,244,21,245,92,48,0.2151,0.1711,0.4936
1590504581.672885,209,255,191,254,102,3,169,1,251,0,205,253,220,255,125,255,250,5,10,16,196,255,194,1,120,38,168,244,36,245,174,48,0.2151,0.1896,0.4936
1590504581.6828232,202,255,196,254,101,3,169,1,251,0,205,253,227,255,131,255,71,6,250,15,190,255,194,1,11,38,151,244,52,245,2,49,0.172,0.2278,0.4936
1590504581.6958144,200,255,184,254,109,3,169,1,251,0,205,253,216,255,135,255,153,6,233,15,183,255,193,1,153,37,133,244,69,245,90,49,0.172,0.2278,0.4917
1590504581.7047048,201,255,184,254,100,3,206,1,227,0,186,253,215,255,136,255,234,6,216,15,176,255,192,1,33,37,113,244,88,245,180,49,0.1877,0.2063,0.4897
1590504581.7127497,198,255,184,254,106,3,206,1,227,0,186,253,223,255,114,255,43,7,198,15,169,255,191,1,163,36,94,244,108,245,17,50,0.1877,0.2063,0.4897
1590504581.7244542,193,255,180,254,91,3,206,1,227,0,186,253,209,255,108,255,102,7,179,15,162,255,190,1,31,36,75,244,127,245,112,50,0.1877,0.218,0.4848
1590504581.7324493,187,255,176,254,103,3,206,1,227,0,186,253,211,255,91,255,161,7,160,15,154,255,188,1,150,35,57,244,147,245,208,50,0.1877,0.218,0.4848
1590504581.7458797,184,255,170,254,113,3,206,1,227,0,186,253,211,255,83,255,232,7,140,15,147,255,187,1,8,35,38,244,168,245,51,51,0.1779,0.216,0.4839
1590504581.7550106,177,255,170,254,119,3,206,1,182,0,186,253,208,255,77,255,52,8,119,15,139,255,185,1,114,34,19,244,190,245,152,51,0.2111,0.216,0.4839
1590504581.7626357,166,255,164,254,120,3,206,1,182,0,186,253,210,255,75,255,125,8,97,15,131,255,182,1,215,33,255,243,213,245,255,51,0.2111,0.1564,0.4702
1590504581.776716,163,255,168,254,90,3,206,1,182,0,186,253,208,255,83,255,200,8,75,15,122,255,180,1,53,33,235,243,238,245,103,52,0.2033,0.1505,0.4673
1590504581.78291,159,255,164,254,99,3,206,1,182,0,186,253,211,255,71,255,1,9,52,15,114,255,177,1,142,32,215,243,9,246,207,52,0.2033,0.1505,0.4673
1590504581.7957325,155,255,163,254,114,3,206,1,182,0,186,253,192,255,72,255,51,9,29,15,105,255,175,1,226,31,194,243,35,246,56,53,0.2072,0.1535,0.4673
1590504581.8020055,151,255,166,254,105,3,217,1,134,0,167,253,214,255,66,255,96,9,5,15,96,255,171,1,48,31,174,243,63,246,162,53,0.2072,0.1535,0.4682
1590504581.8123996,147,255,168,254,105,3,217,1,134,0,167,253,210,255,65,255,131,9,237,14,87,255,168,1,123,30,154,243,92,246,10,54,0.2151,0.1535,0.4682
1590504581.823325,152,255,182,254,95,3,217,1,134,0,167,253,211,255,56,255,153,9,213,14,78,255,164,1,196,29,135,243,122,246,113,54,0.2151,0.1535,0.4673
1590504581.8333282,142,255,173,254,85,3,217,1,134,0,167,253,217,255,63,255,163,9,188,14,69,255,160,1,10,29,116,243,153,246,214,54,0.2102,0.1486,0.4673
1590504581.8458862,135,255,174,254,128,3,217,1,134,0,167,253,187,255,46,255,146,9,164,14,61,255,156,1,80,28,98,243,182,246,56,55,0.2102,0.1486,0.4663
1590504581.8558776,131,255,176,254,109,3,235,1,75,0,160,253,201,255,52,255,121,9,140,14,53,255,151,1,150,27,82,243,211,246,151,55,0.1896,0.1457,0.393
1590504581.8620446,125,255,177,254,121,3,235,1,75,0,160,253,212,255,61,255,83,9,117,14,44,255,147,1,223,26,65,243,241,246,241,55,0.1896,0.1457,0.393
1590504581.8766289,121,255,178,254,111,3,235,1,75,0,160,253,205,255,63,255,28,9,93,14,37,255,142,1,43,26,50,243,15,247,72,56,0.218,0.1662,0.4487
1590504581.883842,115,255,186,254,109,3,235,1,75,0,160,253,206,255,78,255,226,8,71,14,29,255,138,1,122,25,34,243,44,247,153,56,0.218,0.1662,0.4487
1590504581.8962243,113,255,191,254,93,3,235,1,75,0,160,253,215,255,89,255,163,8,49,14,21,255,133,1,206,24,20,243,74,247,231,56,0.1848,0.1652,0.3754
1590504581.9034355,110,255,193,254,106,3,228,1,9,0,127,253,215,255,87,255,97,8,26,14,14,255,128,1,20,24,9,243,99,247,56,57,0.1848,0.1652,0.3754
1590504581.9133377,112,255,204,254,76,3,228,1,9,0,127,253,212,255,88,255,23,8,5,14,8,255,123,1,113,23,253,242,126,247,125,57,0.2239,0.1652,0.437
1590504581.9281638,105,255,203,254,88,3,228,1,9,0,127,253,241,255,119,255,210,7,242,13,1,255,118,1,211,22,240,242,156,247,190,57,0.1867,0.1642,0.2874
1590504581.934108,94,255,203,254,126,3,228,1,9,0,127,253,196,255,79,255,111,7,223,13,252,254,114,1,59,22,230,242,180,247,250,57,0.1867,0.1642,0.2874
1590504581.946875,92,255,212,254,117,3,228,1,9,0,127,253,203,255,98,255,17,7,205,13,246,254,109,1,171,21,221,242,203,247,50,58,0.2326,0.1642,0.2874
1590504581.9544313,82,255,221,254,120,3,228,1,224,255,135,253,234,255,125,255,181,6,188,13,241,254,105,1,33,21,213,242,228,247,102,58,0.2326,0.1525,0.4047
1590504581.9641395,69,255,214,254,131,3,228,1,224,255,135,253,215,255,123,255,64,6,172,13,236,254,100,1,160,20,205,242,249,247,149,58,0.1935,0.1525,0.4047
1590504581.9730396,72,255,222,254,117,3,228,1,224,255,135,253,224,255,135,255,207,5,157,13,232,254,96,1,40,20,198,242,14,248,192,58,0.1935,0.1593,0.2033
1590504581.9870179,70,255,228,254,100,3,228,1,224,255,135,253,247,255,162,255,102,5,144,13,228,254,92,1,185,19,190,242,36,248,231,58,0.2375,0.1779,0.2102
1590504581.996129,67,255,229,254,117,3,228,1,224,255,135,253,229,255,158,255,239,4,131,13,224,254,89,1,83,19,184,242,54,248,10,59,0.2375,0.1779,0.2102
1590504582.0075324,66,255,231,254,112,3,193,1,183,255,101,253,221,255,160,255,124,4,120,13,223,254,84,1,249,18,201,242,71,248,45,59,0.1975,0.1593,0.176
1590504582.0141494,70,255,237,254,105,3,193,1,183,255,101,253,243,255,178,255,21,4,110,13,223,254,80,1,169,18,222,242,89,248,77,59,0.1975,0.1593,0.176
1590504582.0245147,55,255,234,254,102,3,193,1,183,255,101,253,242,255,186,255,172,3,101,13,223,254,76,1,97,18,242,242,105,248,107,59,0.2053,0.1867,0.176
1590504582.034676,45,255,232,254,114,3,193,1,183,255,101,253,237,255,185,255,61,3,94,13,223,254,72,1,33,18,7,243,119,248,132,59,0.2053,0.1867,0.1896
1590504582.046196,43,255,233,254,117,3,193,1,183,255,101,253,240,255,194,255,207,2,87,13,224,254,69,1,233,17,26,243,131,248,155,59,0.2004,0.1603,0.1681
1590504582.0551653,43,255,244,254,121,3,211,1,159,255,84,253,246,255,209,255,95,2,81,13,224,254,66,1,187,17,46,243,143,248,175,59,0.2004,0.1603,0.1681
1590504582.0640624,43,255,244,254,120,3,211,1,159,255,84,253,246,255,217,255,239,1,76,13,225,254,63,1,150,17,65,243,154,248,191,59,0.1935,0.1945,0.1799
1590504582.0784667,37,255,245,254,112,3,211,1,159,255,84,253,246,255,225,255,127,1,73,13,226,254,61,1,121,17,84,243,163,248,205,59,0.2023,0.1564,0.1799
1590504582.084751,34,255,244,254,108,3,211,1,159,255,84,253,254,255,244,255,28,1,70,13,227,254,59,1,100,17,99,243,171,248,215,59,0.2023,0.1564,0.2053
1590504582.100804,34,255,246,254,109,3,211,1,159,255,84,253,2,0,250,255,186,0,68,13,228,254,58,1,87,17,114,243,178,248,222,59,0.2239,0.1691,0.1887
1590504582.106929,31,255,248,254,108,3,182,1,159,255,64,253,252,255,253,255,19,0,68,13,230,254,56,1,88,17,129,243,182,248,226,59,0.2239,0.1691,0.1887
1590504582.1150084,28,255,243,254,118,3,182,1,159,255,64,253,252,255,253,255,19,0,68,13,231,254,55,1,88,17,142,243,185,248,229,59,0.2239,0.1691,0.1887
1590504582.1251907,32,255,250,254,106,3,182,1,159,255,64,253,3,0,15,0,119,255,70,13,232,254,55,1,101,17,155,243,187,248,228,59,0.2072,0.1632,0.1681
1590504582.1392179,23,255,242,254,114,3,182,1,159,255,64,253,1,0,15,0,41,255,72,13,234,254,55,1,119,17,166,243,187,248,225,59,0.2219,0.1662,0.1525
1590504582.147305,17,255,240,254,116,3,182,1,159,255,64,253,2,0,27,0,216,254,75,13,236,254,55,1,145,17,176,243,186,248,220,59,0.2219,0.1662,0.1525
1590504582.1584852,14,255,232,254,121,3,169,1,148,255,45,253,9,0,40,0,137,254,79,13,237,254,56,1,176,17,184,243,183,248,212,59,0.2033,0.1505,0.1896
1590504582.1642594,16,255,232,254,112,3,169,1,148,255,45,253,7,0,50,0,56,254,83,13,239,254,56,1,215,17,191,243,178,248,201,59,0.2033,0.1505,0.1896
1590504582.1776216,21,255,234,254,106,3,169,1,148,255,45,253,9,0,60,0,236,253,88,13,241,254,57,1,3,18,197,243,173,248,188,59,0.1965,0.1505,0.1652
1590504582.1850889,22,255,237,254,100,3,169,1,148,255,45,253,11,0,62,0,159,253,94,13,242,254,59,1,53,18,204,243,168,248,174,59,0.1965,0.1505,0.1652
1590504582.1971378,20,255,227,254,122,3,169,1,148,255,45,253,5,0,71,0,85,253,101,13,245,254,60,1,110,18,210,243,160,248,157,59,0.2239,0.1466,0.1828
1590504582.2043169,16,255,227,254,110,3,163,1,128,255,32,253,10,0,69,0,18,253,109,13,247,254,62,1,172,18,217,243,152,248,138,59,0.2239,0.1466,0.1828
1590504582.2152343,17,255,226,254,115,3,163,1,128,255,32,253,249,255,72,0,208,252,117,13,249,254,64,1,238,18,223,243,142,248,117,59,0.2297,0.1457,0.1828
1590504582.2294316,14,255,221,254,114,3,163,1,128,255,32,253,7,0,84,0,154,252,125,13,252,254,66,1,53,19,228,243,132,248,94,59,0.2209,0.1544,0.1613
1590504582.2360897,17,255,216,254,100,3,163,1,128,255,32,253,13,0,96,0,100,252,134,13,254,254,68,1,129,19,233,243,122,248,69,59,0.2209,0.1544,0.1984
1590504582.2522478,15,255,212,254,110,3,163,1,128,255,32,253,253,255,94,0,42,252,144,13,1,255,70,1,209,19,238,243,110,248,42,59,0.2258,0.1554,0.174
1590504582.25826,22,255,208,254,116,3,163,1,98,255,45,253,252,255,100,0,243,251,154,13,3,255,73,1,37,20,242,243,96,248,13,59,0.2258,0.1554,0.174
1590504582.2647872,21,255,204,254,118,3,163,1,98,255,45,253,9,0,123,0,192,251,165,13,6,255,76,1,125,20,245,243,83,248,237,58,0.2258,0.1554,0.174
1590504582.2759445,28,255,203,254,98,3,163,1,98,255,45,253,12,0,124,0,138,251,176,13,9,255,78,1,218,20,249,243,70,248,204,58,0.1955,0.1632,0.2532
1590504582.2898936,28,255,198,254,102,3,163,1,98,255,45,253,7,0,120,0,83,251,188,13,12,255,81,1,58,21,254,243,54,248,168,58,0.1955,0.1603,0.1544
1590504582.2974207,34,255,197,254,108,3,163,1,98,255,45,253,16,0,117,0,27,251,200,13,16,255,84,1,159,21,3,244,39,248,130,58,0.1955,0.1603,0.1544
1590504582.309966,48,255,207,254,102,3,177,1,92,255,90,253,13,0,124,0,229,250,213,13,19,255,87,1,8,22,9,244,24,248,90,58,0.1789,0.2229,0.2454
1590504582.315602,39,255,195,254,114,3,177,1,92,255,90,253,248,255,139,0,178,250,227,13,23,255,90,1,117,22,14,244,7,248,47,58,0.1789,0.2229,0.2454
1590504582.3282855,50,255,195,254,100,3,177,1,92,255,90,253,3,0,125,0,137,250,241,13,27,255,94,1,228,22,21,244,245,247,3,58,0.1808,0.2336,0.1789
1590504582.3358955,56,255,188,254,95,3,177,1,92,255,90,253,4,0,118,0,87,250,255,13,31,255,97,1,87,23,29,244,226,247,212,57,0.1808,0.2336,0.1789
1590504582.3476567,58,255,177,254,118,3,177,1,92,255,90,253,255,255,117,0,41,250,14,14,36,255,100,1,205,23,37,244,206,247,163,57,0.088,0.2581,0.1789
1590504582.355368,66,255,181,254,108,3,214,1,135,255,71,253,22,0,131,0,4,250,29,14,40,255,103,1,70,24,45,244,188,247,111,57,0.088,0.2581,0.2102
1590504582.36674,66,255,177,254,106,3,214,1,135,255,71,253,23,0,130,0,215,249,44,14,45,255,107,1,194,24,54,244,169,247,57,57,0.088,0.2893,0.2102
1590504582.3755972,61,255,163,254,98,3,214,1,135,255,71,253,19,0,133,0,173,249,60,14,50,255,110,1,65,25,63,244,149,247,1,57,0.088,0.2893,0.1965
1590504582.3861315,79,255,165,254,86,3,214,1,135,255,71,253,40,0,133,0,133,249,77,14,55,255,113,1,195,25,73,244,131,247,198,56,0.1065,0.175,0.1965
1590504582.3976467,73,255,158,254,98,3,214,1,135,255,71,253,25,0,136,0,88,249,93,14,60,255,116,1,71,26,83,244,110,247,136,56,0.1065,0.175,0.2258
1590504582.405604,82,255,163,254,114,3,196,1,111,255,52,253,19,0,122,0,45,249,110,14,66,255,119,1,206,26,95,244,89,247,72,56,0.1075,0.1603,0.2258
1590504582.4155111,95,255,156,254,95,3,196,1,111,255,52,253,40,0,150,0,13,249,128,14,72,255,122,1,88,27,106,244,69,247,5,56,0.1075,0.1603,0.2258
1590504582.4256732,98,255,149,254,92,3,196,1,111,255,52,253,26,0,141,0,232,248,146,14,77,255,125,1,227,27,118,244,48,247,191,55,0.0626,0.1857,0.2258
1590504582.4385905,99,255,149,254,111,3,196,1,111,255,52,253,24,0,143,0,202,248,164,14,83,255,128,1,112,28,130,244,27,247,119,55,0.0772,0.1857,0.2649
1590504582.4475975,101,255,142,254,106,3,196,1,111,255,52,253,33,0,148,0,178,248,183,14,89,255,131,1,254,28,143,244,6,247,44,55,0.0772,0.1496,0.2151
1590504582.4604588,114,255,146,254,113,3,172,1,159,255,143,253,34,0,148,0,153,248,201,14,96,255,134,1,141,29,156,244,241,246,223,54,0.1564,0.1486,0.2483
1590504582.466772,121,255,144,254,90,3,172,1,159,255,143,253,39,0,150,0,132,248,220,14,102,255,137,1,29,30,170,244,221,246,144,54,0.1564,0.1486,0.2483
1590504582.479813,120,255,142,254,100,3,172,1,159,255,143,253,20,0,142,0,113,248,239,14,109,255,140,1,174,30,185,244,199,246,63,54,0.1369,0.1496,0.176
1590504582.4858353,129,255,136,254,87,3,172,1,159,255,143,253,36,0,154,0,100,248,2,15,115,255,142,1,62,31,199,244,178,246,235,53,0.1369,0.1496,0.176
1590504582.4998395,130,255,129,254,109,3,172,1,159,255,143,253,39,0,149,0,88,248,22,15,122,255,144,1,207,31,215,244,158,246,150,53,0.2023,0.1603,0.1799
1590504582.5053926,137,255,128,254,109,3,195,1,3,0,168,253,38,0,154,0,83,248,41,15,129,255,147,1,96,32,231,244,138,246,63,53,0.2023,0.1603,0.1799
1590504582.51626,142,255,131,254,94,3,195,1,3,0,168,253,39,0,144,0,79,248,60,15,136,255,149,1,239,32,247,244,117,246,231,52,0.1711,0.1603,0.1799
1590504582.525714,177,255,186,254,26,3,195,1,3,0,168,253,157,0,37,0,70,248,80,15,143,255,149,1,127,33,21,245,101,246,143,52,0.1711,0.1593,0.172
1590504582.5385273,194,255,191,254,148,2,195,1,3,0,168,253,179,0,53,0,92,248,99,15,151,255,150,1,13,34,51,245,87,246,55,52,0.2063,0.1711,0.1818
1590504582.5475814,150,255,97,254,146,3,195,1,3,0,168,253,0,255,114,1,126,248,118,15,156,255,154,1,149,34,38,245,58,246,214,51,0.2063,0.1711,0.1818
1590504582.5579877,158,255,111,254,16,4,208,1,88,0,175,253,140,255,48,0,81,248,137,15,164,255,157,1,30,35,56,245,24,246,119,51,0.2014,0.1691,0.1818
1590504582.5665567,195,255,179,254,173,2,208,1,88,0,175,253,105,1,48,1,213,248,156,15,169,255,155,1,166,35,76,245,37,246,31,51,0.2014,0.1691,0.1779
1590504582.576046,196,255,164,254,238,2,208,1,88,0,175,253,62,0,176,0,195,248,174,15,175,255,156,1,41,36,92,245,23,246,196,50,0.1935,0.1652,0.1779
1590504582.587547,175,255,109,254,225,3,208,1,88,0,175,253,134,255,10,0,157,248,193,15,183,255,159,1,169,36,111,245,244,245,101,50,0.1935,0.1652,0.1769
1590504582.5978734,190,255,127,254,114,3,208,1,88,0,175,253,48,0,160,0,237,248,211,15,189,255,160,1,39,37,127,245,229,245,9,50,0.1896,0.1662,0.1848
1590504582.6051466,196,255,127,254,84,3,209,1,164,0,194,253,105,0,150,0,29,249,228,15,195,255,160,1,161,37,146,245,219,245,175,49,0.1896,0.1662,0.1848
1590504582.6172838,206,255,163,254,92,3,209,1,164,0,194,253,3,0,103,0,57,249,245,15,202,255,161,1,22,38,163,245,200,245,85,49,0.1926,0.1535,0.1838
1590504582.626977,189,255,124,254,127,3,209,1,164,0,194,253,16,0,132,0,107,249,6,16,208,255,161,1,136,38,179,245,184,245,252,48,0.1926,0.1535,0.1838
1590504582.638273,200,255,107,254,134,3,209,1,164,0,194,253,44,0,117,0,162,249,22,16,214,255,162,1,246,38,196,245,171,245,165,48,0.1906,0.1525,0.1857
1590504582.6514673,201,255,114,254,95,3,209,1,164,0,194,253,51,0,133,0,219,249,37,16,219,255,162,1,96,39,212,245,160,245,81,48,0.1906,0.1593,0.1857
1590504582.6570964,207,255,121,254,84,3,192,1,204,0,168,253,41,0,112,0,23,250,52,16,225,255,162,1,197,39,228,245,149,245,0,48,0.1906,0.1593,0.1867
1590504582.6714847,206,255,109,254,103,3,192,1,204,0,168,253,48,0,109,0,102,250,66,16,230,255,162,1,35,40,244,245,140,245,178,47,0.1867,0.1369,0.1838
1590504582.677573,210,255,121,254,93,3,192,1,204,0,168,253,43,0,100,0,176,250,80,16,235,255,161,1,125,40,3,246,132,245,103,47,0.1867,0.1369,0.1838
1590504582.6913362,213,255,127,254,99,3,192,1,204,0,168,253,49,0,89,0,252,250,92,16,239,255,161,1,209,40,18,246,125,245,33,47,0.1867,0.2258,0.1867
1590504582.6995702,216,255,119,254,95,3,192,1,204,0,168,253,32,0,94,0,78,251,104,16,243,255,161,1,31,41,31,246,119,245,222,46,0.1867,0.2258,0.1867
1590504582.7079256,223,255,115,254,108,3,182,1,16,1,162,253,39,0,84,0,151,251,115,16,247,255,160,1,104,41,44,246,114,245,159,46,0.172,0.2258,0.1867
1590504582.7173896,227,255,132,254,83,3,182,1,16,1,162,253,38,0,74,0,230,251,125,16,251,255,160,1,171,41,56,246,110,245,100,46,0.172,0.2258,0.1857
1590504582.7291427,225,255,114,254,116,3,182,1,16,1,162,253,17,0,73,0,55,252,135,16,254,255,159,1,233,41,66,246,106,245,46,46,0.1701,0.3558,0.1808
1590504582.738701,232,255,114,254,99,3,182,1,16,1,162,253,25,0,65,0,135,252,143,16,0,0,159,1,34,42,76,246,103,245,252,45,0.1701,0.3558,0.1808
1590504582.7497513,234,255,126,254,115,3,182,1,16,1,162,253,22,0,59,0,214,252,151,16,2,0,158,1,85,42,85,246,102,245,206,45,0.172,0.3587,0.1808
1590504582.7574143,240,255,119,254,94,3,172,1,49,1,170,253,26,0,55,0,34,253,158,16,4,0,158,1,132,42,93,246,101,245,164,45,0.172,0.3587,0.1808
1590504582.7698495,237,255,103,254,124,3,172,1,49,1,170,253,17,0,46,0,100,253,165,16,7,0,157,1,174,42,100,246,99,245,126,45,0.176,0.3539,0.1848
1590504582.7829897,240,255,103,254,98,3,172,1,49,1,170,253,22,0,41,0,170,253,171,16,8,0,157,1,211,42,107,246,98,245,92,45,0.2493,0.3236,0.1838
1590504582.789726,246,255,110,254,96,3,172,1,49,1,170,253,21,0,32,0,236,253,176,16,10,0,156,1,244,42,113,246,97,245,62,45,0.2493,0.3236,0.1838
1590504582.803302,253,255,112,254,102,3,172,1,49,1,170,253,21,0,34,0,43,254,181,16,12,0,156,1,18,43,119,246,96,245,35,45,0.1877,0.3842,0.1857
1590504582.8097844,0,0,100,254,98,3,193,1,78,1,183,253,14,0,27,0,111,254,184,16,13,0,156,1,43,43,123,246,95,245,11,45,0.1877,0.3842,0.1857
1590504582.8217144,253,255,101,254,99,3,193,1,78,1,183,253,15,0,17,0,167,254,188,16,14,0,155,1,64,43,127,246,93,245,248,44,0.2414,0.3519,0.1848
1590504582.8276978,252,255,95,254,97,3,193,1,78,1,183,253,8,0,15,0,215,254,191,16,15,0,155,1,82,43,130,246,92,245,230,44,0.2414,0.3519,0.1848
1590504582.8422139,250,255,97,254,100,3,193,1,78,1,183,253,6,0,14,0,2,255,193,16,16,0,155,1,98,43,132,246,90,245,215,44,0.1877,0.1857,0.1867
1590504582.850064,3,0,98,254,97,3,193,1,78,1,183,253,7,0,10,0,43,255,195,16,17,0,155,1,111,43,134,246,89,245,203,44,0.1877,0.1857,0.1867
1590504582.8608983,0,0,94,254,107,3,230,1,118,1,151,253,7,0,6,0,81,255,197,16,17,0,155,1,121,43,136,246,87,245,193,44,0.2072,0.1535,0.1848
1590504582.8674505,2,0,101,254,103,3,230,1,118,1,151,253,0,0,2,0,114,255,198,16,18,0,155,1,130,43,137,246,86,245,185,44,0.2072,0.1535,0.1848
1590504582.8783085,0,0,103,254,94,3,230,1,118,1,151,253,253,255,251,255,129,255,199,16,18,0,155,1,137,43,139,246,86,245,177,44,0.172,0.1535,0.1848
1590504582.88885,252,255,106,254,110,3,230,1,118,1,151,253,1,0,0,0,146,255,200,16,18,0,155,1,144,43,140,246,86,245,171,44,0.172,0.1613,0.176
1590504582.9012768,254,255,114,254,104,3,230,1,118,1,151,253,5,0,254,255,156,255,201,16,19,0,155,1,150,43,141,246,86,245,166,44,0.172,0.2102,0.1857
1590504582.9074433,253,255,119,254,97,3,184,2,235,1,104,253,11,0,253,255,166,255,202,16,19,0,154,1,155,43,142,246,88,245,161,44,0.172,0.2102,0.1857
1590504582.9185104,252,255,117,254,108,3,184,2,235,1,104,253,4,0,253,255,172,255,203,16,19,0,154,1,160,43,143,246,90,245,157,44,0.1574,0.1593,0.2414
1590504582.9287295,249,255,128,254,93,3,184,2,235,1,104,253,3,0,252,255,177,255,204,16,19,0,154,1,165,43,144,246,93,245,153,44,0.1574,0.1593,0.2414
1590504582.9387608,255,255,124,254,103,3,184,2,235,1,104,253,2,0,253,255,186,255,204,16,19,0,154,1,169,43,145,246,96,245,149,44,0.1613,0.1994,0.2414
1590504582.954915,0,0,117,254,89,3,184,2,235,1,104,253,1,0,2,0,205,255,205,16,19,0,153,1,172,43,145,246,98,245,147,44,0.1818,0.1574,0.1975
1590504582.96062,250,255,112,254,107,3,72,5,36,2,23,251,247,255,250,255,245,255,205,16,19,0,153,1,173,43,145,246,100,245,147,44,0.1818,0.1574,0.1975
1590504582.9734254,246,255,112,254,99,3,72,5,36,2,23,251,250,255,243,255,73,0,204,16,18,0,153,1,168,43,144,246,103,245,152,44,0.176,0.1505,0.2004
1590504582.9795835,248,255,111,254,99,3,72,5,36,2,23,251,253,255,235,255,209,0,202,16,17,0,153,1,155,43,142,246,107,245,165,44,0.176,0.1505,0.2004
1590504582.992729,2,0,98,254,105,3,72,5,36,2,23,251,251,255,221,255,111,1,198,16,16,0,153,1,132,43,138,246,111,245,188,44,0.1994,0.1564,0.2209
1590504583.0007849,11,0,100,254,101,3,72,5,36,2,23,251,250,255,209,255,253,1,193,16,14,0,153,1,101,43,133,246,115,245,218,44,0.1994,0.1564,0.2209
1590504583.0126362,17,0,100,254,103,3,14,3,152,0,28,253,252,255,201,255,95,2,187,16,12,0,153,1,63,43,128,246,120,245,255,44,0.175,0.1701,0.218
1590504583.0191374,22,0,99,254,105,3,14,3,152,0,28,253,251,255,199,255,148,2,181,16,10,0,153,1,22,43,122,246,125,245,38,45,0.175,0.1701,0.218
1590504583.0320065,16,0,96,254,94,3,14,3,152,0,28,253,250,255,196,255,179,2,174,16,7,0,153,1,235,42,116,246,130,245,79,45,0.218,0.1701,0.1867
1590504583.0393865,26,0,86,254,98,3,14,3,152,0,28,253,250,255,194,255,189,2,167,16,5,0,153,1,191,42,111,246,135,245,120,45,0.218,0.1701,0.1867
1590504583.053382,29,0,75,254,99,3,14,3,152,0,28,253,248,255,190,255,183,2,160,16,3,0,153,1,148,42,105,246,139,245,161,45,0.1828,0.172,0.173
1590504583.059218,21,0,87,254,104,3,241,1,25,1,119,253,248,255,192,255,158,2,153,16,1,0,153,1,105,42,100,246,143,245,200,45,0.1828,0.172,0.173
1590504583.0715292,20,0,98,254,96,3,241,1,25,1,119,253,246,255,191,255,120,2,147,16,0,0,153,1,65,42,96,246,146,245,237,45,0.218,0.173,0.1818
1590504583.0790813,8,0,102,254,89,3,241,1,25,1,119,253,243,255,195,255,62,2,142,16,254,255,154,1,29,42,91,246,149,245,14,46,0.218,0.173,0.1818
1590504583.0888755,7,0,113,254,107,3,241,1,25,1,119,253,240,255,199,255,250,1,137,16,253,255,154,1,252,41,87,246,151,245,43,46,0.1857,0.176,0.1818
1590504583.1016119,0,0,120,254,97,3,241,1,25,1,119,253,0,0,211,255,181,1,132,16,251,255,154,1,224,41,84,246,154,245,69,46,0.1857,0.176,0.1564
1590504583.113177,5,0,107,254,109,3,193,1,64,1,100,253,250,255,220,255,108,1,129,16,250,255,154,1,201,41,81,246,157,245,90,46,0.2561,0.1818,0.1564
1590504583.125127,14,0,104,254,112,3,193,1,64,1,100,253,253,255,226,255,40,1,126,16,249,255,154,1,182,41,79,246,159,245,107,46,0.1926,0.1701,0.173
1590504583.131539,24,0,94,254,96,3,193,1,64,1,100,253,14,0,237,255,238,0,123,16,248,255,153,1,167,41,79,246,161,245,121,46,0.1926,0.1701,0.173
1590504583.1444366,26,0,96,254,90,3,193,1,64,1,100,253,17,0,250,255,186,0,122,16,248,255,153,1,156,41,79,246,163,245,131,46,0.2845,0.174,0.173
1590504583.1514897,6,0,110,254,90,3,193,1,64,1,100,253,3,0,237,255,130,0,120,16,248,255,153,1,148,41,80,246,163,245,138,46,0.2845,0.174,0.173
1590504583.1582348,249,255,133,254,122,3,200,1,60,1,87,253,228,255,218,255,56,0,120,16,248,255,153,1,144,41,82,246,160,245,142,46,0.2845,0.174,0.173
1590504583.1689768,249,255,145,254,90,3,200,1,60,1,87,253,255,255,243,255,250,255,120,16,248,255,153,1,144,41,83,246,159,245,142,46,0.2199,0.1427,0.175
1590504583.1832113,255,255,142,254,103,3,200,1,60,1,87,253,11,0,1,0,184,255,120,16,248,255,153,1,148,41,84,246,159,245,138,46,0.3001,0.1447,0.174
1590504583.1901054,6,0,126,254,98,3,200,1,60,1,87,253,6,0,8,0,119,255,122,16,249,255,153,1,157,41,86,246,157,245,130,46,0.3001,0.1447,0.174
1590504583.2015846,11,0,122,254,99,3,200,1,60,1,87,253,11,0,12,0,56,255,124,16,250,255,153,1,170,41,89,246,156,245,119,46,0.2278,0.1447,0.174
1590504583.2089767,23,0,113,254,110,3,176,1,1,1,106,253,12,0,17,0,239,254,126,16,251,255,153,1,188,41,92,246,154,245,104,46,0.2278,0.1359,0.1408
1590504583.223155,22,0,117,254,103,3,176,1,1,1,106,253,13,0,23,0,157,254,130,16,252,255,153,1,211,41,100,246,152,245,83,46,0.1867,0.1339,0.1457
1590504583.229656,20,0,123,254,95,3,176,1,1,1,106,253,19,0,33,0,63,254,134,16,254,255,152,1,240,41,108,246,149,245,58,46,0.1867,0.1339,0.1457
1590504583.2423482,26,0,129,254,78,3,176,1,1,1,106,253,25,0,48,0,225,253,140,16,0,0,152,1,20,42,116,246,146,245,27,46,0.1486,0.131,0.1564
1590504583.2510536,31,0,115,254,123,3,176,1,1,1,106,253,31,0,53,0,128,253,146,16,1,0,151,1,62,42,127,246,143,245,246,45,0.1486,0.131,0.1564
1590504583.2616017,189,2,224,250,39,1,105,1,60,1,184,253,12,0,52,0,36,253,153,16,4,0,151,1,108,42,135,246,137,245,203,45,0.2805,0.132,0.1691
1590504583.2693899,107,255,173,252,116,255,105,1,60,1,184,253,58,246,63,6,203,238,200,16,9,0,175,1,111,43,212,245,19,245,147,44,0.2805,0.132,0.1691
1590504583.279595,232,255,4,0,192,255,105,1,60,1,184,253,198,243,60,255,97,251,211,16,16,0,205,1,134,43,58,245,59,244,32,44,0.2385,0.1388,0.1691
1590504583.2944384,252,255,169,255,252,255,105,1,60,1,184,253,163,243,196,0,209,254,215,16,16,0,236,1,108,43,121,244,134,243,215,43,0.2473,0.1398,0.176
1590504583.3013906,5,0,210,255,248,255,105,1,60,1,184,253,105,243,47,1,109,255,217,16,14,0,11,2,70,43,173,243,215,242,146,43,0.2473,0.1398,0.1877
1590504583.3088207,218,255,177,255,145,1,94,1,142,1,172,253,162,243,134,1,10,0,219,16,11,0,42,2,22,43,221,242,52,242,82,43,0.2473,0.1398,0.1877
1590504583.3191829,218,255,177,255,145,1,94,1,142,1,172,253,162,243,134,1,10,0,219,16,11,0,42,2,22,43,221,242,52,242,82,43,0.2444,0.1623,0.2268
1590504583.32528,60,2,197,254,17,5,94,1,142,1,172,253,82,249,137,251,13,0,215,16,20,0,58,2,225,42,188,242,142,241,70,43,0.2444,0.1623,0.2268
1590504583.3362672,232,255,232,255,245,255,94,1,142,1,172,253,194,0,20,251,1,0,211,16,30,0,57,2,204,42,17,243,80,241,97,43,0.2542,0.1623,0.1799
1590504583.3429291,12,0,74,255,154,3,94,1,142,1,172,253,198,7,199,2,92,0,212,16,24,0,37,2,246,42,89,243,240,241,128,43,0.2542,0.1623,0.1799
1590504583.3547294,34,0,66,255,134,2,94,1,142,1,172,253,167,11,160,254,40,0,210,16,26,0,8,2,31,43,27,244,140,242,192,43,0.2551,0.1632,0.1799
1590504583.3607216,131,0,22,255,228,2,76,1,233,1,204,253,189,16,71,0,51,0,209,16,25,0,223,1,95,43,16,245,143,243,13,44,0.2551,0.1632,0.1799
1590504583.374142,208,2,79,255,244,7,76,1,233,1,204,253,37,21,218,255,44,0,208,16,25,0,171,1,167,43,80,246,209,244,102,44,0.261,0.1623,0.1808
1590504583.380067,195,255,131,0,208,255,76,1,233,1,204,253,53,13,58,254,255,0,204,16,28,0,138,1,188,43,47,247,133,245,173,44,0.261,0.1623,0.1808
1590504583.3923721,40,0,12,0,223,255,76,1,233,1,204,253,150,2,202,254,24,2,198,16,29,0,132,1,159,43,97,247,161,245,217,44,0.2923,0.1496,0.174
1590504583.4018304,47,0,23,0,238,255,76,1,233,1,204,253,14,0,115,0,190,2,191,16,25,0,132,1,118,43,81,247,177,245,2,45,0.2923,0.1496,0.174
1590504583.4095836,140,1,14,254,129,8,91,1,120,1,125,253,114,251,233,1,112,3,184,16,17,0,143,1,57,43,227,246,145,245,31,45,0.3021,0.1496,0.174
1590504583.4166298,140,1,14,254,129,8,91,1,120,1,125,253,114,251,233,1,112,3,184,16,17,0,143,1,57,43,227,246,145,245,31,45,0.3021,0.1496,0.1867
1590504583.422725,28,0,175,255,242,0,91,1,120,1,125,253,81,249,169,255,89,3,176,16,14,0,160,1,238,42,120,246,46,245,57,45,0.3021,0.1496,0.1867
1590504583.4308789,42,0,64,254,71,6,91,1,120,1,125,253,2,0,144,255,40,3,168,16,12,0,160,1,187,42,115,246,50,245,106,45,0.2893,0.1505,0.1867
1590504583.4406111,5,0,5,255,81,2,91,1,120,1,125,253,139,3,172,0,136,3,159,16,7,0,151,1,145,42,144,246,128,245,169,45,0.2893,0.1505,0.174
1590504583.452125,5,0,133,255,167,0,91,1,120,1,125,253,196,1,240,255,141,3,150,16,3,0,147,1,94,42,158,246,166,245,227,45,0.2942,0.1525,0.1857
1590504583.4600043,246,255,238,254,126,3,102,1,108,1,151,253,248,253,72,255,168,3,141,16,1,0,152,1,27,42,127,246,135,245,20,46,0.2942,0.1525,0.1857
1590504583.4699826,14,0,8,255,58,3,102,1,108,1,151,253,9,254,167,255,1,4,131,16,254,255,157,1,211,41,89,246,112,245,72,46,0.2639,0.1584,0.1857
1590504583.4759798,14,0,8,255,58,3,102,1,108,1,151,253,9,254,167,255,1,4,131,16,254,255,157,1,211,41,89,246,112,245,72,46,0.2639,0.1584,0.176
1590504583.487814,237,255,152,254,72,4,102,1,108,1,151,253,228,0,206,255,79,4,120,16,250,255,155,1,144,41,89,246,138,245,138,46,0.2581,0.1632,0.1887
1590504583.493983,235,255,158,254,191,3,102,1,108,1,151,253,94,1,255,255,156,4,109,16,245,255,151,1,74,41,92,246,175,245,209,46,0.2581,0.1632,0.1887
1590504583.5065565,248,255,190,254,201,3,102,1,108,1,151,253,126,255,150,255,183,4,97,16,241,255,152,1,251,40,75,246,177,245,20,47,0.2962,0.175,0.2053
1590504583.5128436,246,255,205,254,143,3,132,1,91,1,125,253,223,254,101,255,227,4,84,16,237,255,155,1,165,40,52,246,166,245,87,47,0.2962,0.175,0.2053
1590504583.5244586,243,255,198,254,113,3,132,1,91,1,125,253,57,0,162,255,36,5,71,16,232,255,154,1,80,40,43,246,182,245,161,47,0.2698,0.2297,0.2053
1590504583.5304527,164,255,79,255,227,2,132,1,91,1,125,253,128,255,241,255,39,2,66,16,230,255,155,1,42,40,29,246,181,245,189,47,0.2698,0.2297,0.1906
1590504583.544506,48,255,208,254,90,5,132,1,91,1,125,253,55,254,158,255,103,243,97,16,245,255,160,1,241,40,56,246,103,245,7,47,0.2737,0.173,0.1906
1590504583.5523963,127,0,234,254,213,3,132,1,91,1,125,253,79,2,30,2,254,242,130,16,254,255,155,1,211,41,102,246,127,245,78,46,0.2737,0.173,0.2111
1590504583.5642934,36,0,192,254,133,3,174,1,56,1,125,253,211,2,174,1,65,244,160,16,6,0,148,1,157,42,159,246,158,245,168,45,0.2688,0.2141,0.1877
1590504583.5703945,78,255,203,254,171,4,174,1,56,1,125,253,232,254,215,255,234,244,188,16,18,0,150,1,71,43,185,246,103,245,255,44,0.2688,0.2141,0.1877
1590504583.5844798,91,253,253,251,192,2,174,1,56,1,125,253,158,254,71,1,0,246,213,16,26,0,153,1,226,43,182,246,68,245,95,44,0.2717,0.173,0.2102
1590504583.591477,52,254,27,249,195,2,174,1,56,1,125,253,101,0,211,0,147,249,230,16,31,0,151,1,72,44,199,246,67,245,252,43,0.2717,0.173,0.2102
1590504583.602763,179,255,10,255,133,3,174,1,56,1,125,253,121,255,38,255,117,4,218,16,28,0,153,1,255,43,187,246,60,245,65,44,0.2688,0.172,0.2082
1590504583.6106453,212,255,68,255,22,2,120,1,108,1,117,253,203,1,41,0,9,6,203,16,21,0,149,1,169,43,190,246,109,245,163,44,0.2688,0.172,0.2082
1590504583.6252275,246,255,248,254,80,3,120,1,108,1,117,253,48,0,242,255,231,5,189,16,15,0,149,1,78,43,172,246,130,245,252,44,0.2659,0.1769,0.2141
1590504583.6315577,129,0,156,254,43,4,120,1,108,1,117,253,140,254,193,254,177,5,174,16,12,0,153,1,236,42,149,246,107,245,80,45,0.2659,0.1769,0.2141
1590504583.6412597,158,255,105,255,235,3,120,1,108,1,117,253,108,255,90,255,34,4,163,16,9,0,154,1,166,42,136,246,102,245,141,45,0.2669,0.172,0.2649
1590504583.655448,29,0,113,255,28,3,120,1,108,1,117,253,135,0,115,0,72,253,170,16,11,0,153,1,212,42,146,246,108,245,101,45,0.2669,0.172,0.2649
1590504583.662353,14,0,30,255,210,2,126,1,102,1,125,253,39,1,141,0,111,252,179,16,13,0,150,1,18,43,168,246,123,245,51,45,0.2669,0.1681,0.218
1590504583.6768913,254,253,27,251,95,3,126,1,102,1,125,253,96,255,40,0,167,252,188,16,16,0,151,1,69,43,168,246,105,245,254,44,0.2649,0.1584,0.2366
1590504583.6842365,12,0,154,254,166,3,126,1,102,1,125,253,57,255,8,0,11,254,193,16,19,0,153,1,97,43,164,246,86,245,222,44,0.2649,0.1584,0.2366
1590504583.6916928,172,1,206,253,205,2,126,1,102,1,125,253,105,0,210,255,178,2,186,16,16,0,152,1,56,43,163,246,99,245,8,45,0.2649,0.1584,0.2366
1590504583.703903,4,0,199,254,145,3,126,1,102,1,125,253,80,0,218,255,160,1,182,16,15,0,151,1,31,43,164,246,106,245,34,45,0.2659,0.1711,0.1848
1590504583.7138522,143,255,139,253,100,3,126,1,108,1,151,253,227,255,24,0,219,254,185,16,16,0,152,1,49,43,165,246,102,245,16,45,0.2649,0.1877,0.1848
1590504583.7218723,74,0,20,254,104,3,126,1,108,1,151,253,200,255,27,0,89,255,186,16,16,0,152,1,58,43,162,246,98,245,5,45,0.2649,0.1877,0.176
1590504583.7357645,249,255,78,254,98,3,126,1,108,1,151,253,243,255,239,255,67,0,186,16,16,0,152,1,54,43,162,246,97,245,9,45,0.2659,0.1642,0.1838
1590504583.7417126,7,0,43,254,92,3,126,1,108,1,151,253,6,0,254,255,7,0,186,16,16,0,152,1,54,43,162,246,97,245,9,45,0.2659,0.1642,0.1838
1590504583.75434,6,0,69,254,102,3,126,1,108,1,151,253,6,0,255,255,254,255,186,16,16,0,152,1,54,43,162,246,97,245,9,45,0.262,0.1984,0.1838
1590504583.7611372,8,0,40,254,101,3,144,1,97,1,144,253,11,0,255,255,254,255,186,16,16,0,152,1,54,43,162,246,98,245,10,45,0.262,0.1984,0.1857
1590504583.7756753,8,0,64,254,109,3,144,1,97,1,144,253,2,0,252,255,0,0,186,16,16,0,152,1,54,43,162,246,98,245,10,45,0.2659,0.1662,0.1857
1590504583.7830024,7,0,51,254,88,3,144,1,97,1,144,253,245,255,255,255,254,255,186,16,16,0,152,1,54,43,162,246,97,245,9,45,0.2659,0.1662,0.1857
1590504583.7923596,8,0,51,254,85,3,144,1,97,1,144,253,248,255,255,255,255,255,186,16,16,0,153,1,53,43,158,246,95,245,9,45,0.2649,0.1554,0.1857
1590504583.8102279,10,0,41,254,96,3,144,1,97,1,144,253,250,255,252,255,255,255,186,16,16,0,153,1,52,43,153,246,91,245,8,45,0.2659,0.1544,0.1838
1590504583.815917,9,0,34,254,104,3,120,1,102,1,136,253,4,0,254,255,254,255,185,16,16,0,154,1,51,43,149,246,88,245,7,45,0.2659,0.1544,0.1838
1590504583.8285253,7,0,65,254,98,3,120,1,102,1,136,253,4,0,254,255,254,255,185,16,16,0,155,1,50,43,145,246,86,245,7,45,0.2659,0.1564,0.1848
1590504583.8352783,7,0,38,254,86,3,120,1,102,1,136,253,255,255,2,0,0,0,185,16,15,0,155,1,49,43,141,246,83,245,6,45,0.2659,0.1564,0.1848
1590504583.8425577,7,0,58,254,89,3,120,1,102,1,136,253,249,255,0,0,1,0,185,16,15,0,156,1,48,43,137,246,80,245,6,45,0.2659,0.1564,0.1848
1590504583.855166,9,0,43,254,98,3,120,1,102,1,136,253,2,0,252,255,1,0,185,16,15,0,156,1,47,43,133,246,77,245,5,45,0.2649,0.176,0.1867
1590504583.863177,6,0,62,254,101,3,139,1,126,1,138,253,7,0,1,0,1,0,185,16,15,0,157,1,47,43,131,246,75,245,5,45,0.2669,0.176,0.1867
1590504583.872966,6,0,45,254,105,3,139,1,126,1,138,253,2,0,255,255,0,0,185,16,15,0,157,1,46,43,127,246,73,245,4,45,0.2669,0.1544,0.1808
1590504583.8870103,8,0,63,254,90,3,139,1,126,1,138,253,247,255,2,0,254,255,185,16,15,0,157,1,45,43,125,246,72,245,4,45,0.2659,0.1789,0.172
1590504583.8931336,7,0,56,254,96,3,139,1,126,1,138,253,250,255,2,0,255,255,185,16,15,0,158,1,45,43,122,246,70,245,4,45,0.2659,0.1789,0.172
1590504583.9056196,7,0,42,254,92,3,139,1,126,1,138,253,251,255,0,0,255,255,185,16,15,0,158,1,44,43,119,246,68,245,3,45,0.2669,0.1701,0.172
1590504583.913869,9,0,52,254,101,3,144,1,108,1,151,253,4,0,255,255,0,0,185,16,15,0,158,1,43,43,116,246,66,245,3,45,0.2669,0.1701,0.1818
1590504583.925348,7,0,48,254,96,3,144,1,108,1,151,253,0,0,255,255,1,0,185,16,15,0,159,1,43,43,113,246,64,245,2,45,0.2669,0.2023,0.2248
1590504583.9329524,6,0,57,254,90,3,144,1,108,1,151,253,253,255,253,255,255,255,185,16,15,0,159,1,42,43,110,246,62,245,2,45,0.2669,0.2023,0.2248
1590504583.9431875,9,0,40,254,91,3,144,1,108,1,151,253,251,255,254,255,254,255,185,16,14,0,160,1,41,43,107,246,60,245,1,45,0.2698,0.1642,0.2248
1590504583.9560738,5,0,55,254,93,3,144,1,108,1,151,253,254,255,0,0,254,255,185,16,14,0,160,1,40,43,104,246,58,245,1,45,0.2698,0.1642,0.1799
1590504583.9633539,9,0,51,254,100,3,132,1,120,1,124,253,4,0,1,0,255,255,185,16,14,0,160,1,40,43,101,246,56,245,0,45,0.2659,0.1867,0.1799
1590504583.973332,6,0,53,254,102,3,132,1,120,1,124,253,7,0,0,0,0,0,185,16,14,0,161,1,39,43,99,246,55,245,0,45,0.2659,0.1867,0.2336
1590504583.9856212,7,0,50,254,91,3,132,1,120,1,124,253,3,0,0,0,0,0,185,16,14,0,161,1,39,43,96,246,53,245,0,45,0.304,0.1496,0.1808
1590504583.9945695,10,0,44,254,96,3,132,1,120,1,124,253,253,255,0,0,0,0,185,16,14,0,162,1,38,43,94,246,51,245,255,44,0.304,0.1496,0.1808
1590504584.0060337,8,0,53,254,95,3,132,1,120,1,124,253,254,255,3,0,254,255,185,16,14,0,162,1,37,43,91,246,49,245,255,44,0.2659,0.173,0.2473
1590504584.0152998,6,0,46,254,97,3,126,1,102,1,130,253,255,255,253,255,254,255,185,16,14,0,162,1,37,43,88,246,47,245,255,44,0.2923,0.173,0.2473
1590504584.023464,8,0,52,254,101,3,126,1,102,1,130,253,1,0,1,0,254,255,185,16,14,0,163,1,36,43,86,246,46,245,254,44,0.2923,0.1515,0.1848
1590504584.0376623,7,0,52,254,95,3,126,1,102,1,130,253,0,0,250,255,0,0,185,16,14,0,163,1,36,43,84,246,44,245,254,44,0.2884,0.1945,0.1691
1590504584.0443144,8,0,52,254,96,3,126,1,102,1,130,253,251,255,254,255,2,0,185,16,14,0,163,1,35,43,82,246,43,245,254,44,0.2884,0.1945,0.1691
1590504584.0570846,7,0,47,254,97,3,126,1,102,1,130,253,249,255,252,255,255,255,185,16,14,0,163,1,35,43,80,246,42,245,253,44,0.259,0.1584,0.1691
1590504584.0639727,7,0,44,254,98,3,126,1,102,1,130,253,254,255,0,0,255,255,185,16,14,0,164,1,34,43,77,246,40,245,253,44,0.259,0.1584,0.1632
1590504584.0749679,7,0,51,254,97,3,126,1,102,1,130,253,6,0,1,0,0,0,185,16,14,0,164,1,33,43,75,246,38,245,253,44,0.2815,0.216,0.1632
1590504584.083748,8,0,51,254,89,3,126,1,102,1,130,253,4,0,252,255,1,0,185,16,13,0,164,1,33,43,73,246,37,245,252,44,0.2815,0.216,0.1799
1590504584.0946825,7,0,49,254,95,3,126,1,102,1,130,253,1,0,255,255,255,255,185,16,13,0,165,1,32,43,71,246,35,245,252,44,0.2581,0.1672,0.1799
1590504584.1073446,8,0,49,254,99,3,126,1,102,1,130,253,251,255,1,0,253,255,185,16,13,0,165,1,32,43,69,246,34,245,252,44,0.2581,0.1672,0.1779
1590504584.1145227,7,0,51,254,99,3,150,1,108,1,125,253,254,255,252,255,1,0,185,16,13,0,165,1,31,43,67,246,33,245,251,44,0.2581,0.1672,0.1779
1590504584.1247199,9,0,50,254,98,3,150,1,108,1,125,253,0,0,0,0,255,255,185,16,13,0,165,1,31,43,65,246,31,245,251,44,0.2581,0.304,0.1574
1590504584.135838,9,0,51,254,91,3,150,1,108,1,125,253,3,0,254,255,0,0,185,16,13,0,166,1,31,43,63,246,30,245,251,44,0.2649,0.2023,0.1593
1590504584.1448972,7,0,51,254,97,3,150,1,108,1,125,253,255,255,253,255,255,255,185,16,13,0,166,1,30,43,61,246,29,245,250,44,0.2649,0.2023,0.1593
1590504584.1565855,8,0,51,254,98,3,150,1,108,1,125,253,249,255,252,255,0,0,185,16,13,0,166,1,30,43,60,246,27,245,250,44,0.2502,0.2278,0.1701
1590504584.1643076,8,0,48,254,98,3,132,1,108,1,144,253,249,255,0,0,252,255,185,16,13,0,166,1,29,43,58,246,26,245,250,44,0.2502,0.2278,0.1701
1590504584.1742587,9,0,47,254,93,3,132,1,108,1,144,253,254,255,0,0,0,0,185,16,13,0,167,1,29,43,56,246,25,245,250,44,0.2659,0.1408,0.1691
1590504584.188522,7,0,47,254,88,3,132,1,108,1,144,253,3,0,252,255,254,255,185,16,13,0,167,1,28,43,54,246,23,245,249,44,0.262,0.1799,0.2248
1590504584.194658,9,0,51,254,91,3,132,1,108,1,144,253,3,0,1,0,254,255,185,16,13,0,167,1,28,43,52,246,22,245,249,44,0.262,0.1799,0.2248
1590504584.2078044,8,0,52,254,98,3,132,1,108,1,144,253,1,0,254,255,0,0,185,16,13,0,167,1,28,43,50,246,21,245,249,44,0.2649,0.1799,0.2248
1590504584.2148957,7,0,51,254,97,3,139,1,102,1,130,253,254,255,1,0,255,255,185,16,13,0,168,1,27,43,49,246,20,245,248,44,0.2649,0.1515,0.2248
1590504584.2285967,8,0,48,254,96,3,139,1,102,1,130,253,1,0,0,0,254,255,185,16,13,0,168,1,27,43,47,246,19,245,248,44,0.262,0.1828,0.217
1590504584.2348099,10,0,51,254,88,3,139,1,102,1,130,253,3,0,253,255,1,0,185,16,13,0,168,1,26,43,46,246,17,245,248,44,0.262,0.1828,0.217
1590504584.2452111,9,0,52,254,99,3,139,1,102,1,130,253,5,0,253,255,255,255,185,16,13,0,168,1,26,43,44,246,16,245,248,44,0.2649,0.1828,0.217
1590504584.2571003,7,0,51,254,100,3,139,1,102,1,130,253,255,255,255,255,254,255,185,16,13,0,169,1,26,43,43,246,15,245,247,44,0.2649,0.1437,0.2111
1590504584.2686987,9,0,51,254,100,3,139,1,102,1,144,253,250,255,254,255,255,255,185,16,13,0,169,1,25,43,42,246,14,245,247,44,0.2561,0.1848,0.2014
1590504584.2752147,7,0,49,254,98,3,139,1,102,1,144,253,250,255,254,255,255,255,185,16,13,0,169,1,25,43,40,246,13,245,247,44,0.2561,0.1848,0.2014
1590504584.2855659,7,0,49,254,88,3,139,1,102,1,144,253,0,0,0,0,254,255,185,16,13,0,169,1,25,43,39,246,12,245,247,44,0.2649,0.1535,0.2014
1590504584.2948768,7,0,52,254,95,3,139,1,102,1,144,253,2,0,253,255,1,0,185,16,12,0,169,1,24,43,37,246,11,245,246,44,0.2649,0.1535,0.1681
1590504584.3081563,9,0,51,254,99,3,139,1,102,1,144,253,0,0,255,255,254,255,185,16,12,0,169,1,24,43,36,246,10,245,246,44,0.2561,0.1593,0.172
1590504584.3158984,8,0,51,254,98,3,139,1,120,1,130,253,253,255,253,255,1,0,185,16,12,0,170,1,24,43,35,246,10,245,246,44,0.2561,0.1593,0.172
1590504584.3253407,7,0,50,254,94,3,139,1,120,1,130,253,255,255,253,255,254,255,185,16,12,0,170,1,23,43,33,246,9,245,246,44,0.2649,0.1642,0.2229
1590504584.339151,9,0,50,254,86,3,139,1,120,1,130,253,254,255,255,255,254,255,185,16,12,0,170,1,23,43,32,246,8,245,246,44,0.2581,0.173,0.2229
1590504584.345016,9,0,49,254,91,3,139,1,120,1,130,253,3,0,2,0,0,0,185,16,12,0,170,1,23,43,30,246,6,245,245,44,0.2581,0.173,0.1769
1590504584.3616045,7,0,52,254,99,3,139,1,120,1,130,253,3,0,2,0,254,255,185,16,12,0,170,1,22,43,29,246,6,245,245,44,0.2649,0.1662,0.2336
1590504584.3679054,8,0,52,254,103,3,132,1,115,1,117,253,254,255,254,255,0,0,185,16,12,0,171,1,22,43,28,246,5,245,245,44,0.2649,0.1662,0.2336
1590504584.3800125,8,0,51,254,99,3,132,1,115,1,117,253,253,255,255,255,1,0,185,16,12,0,171,1,22,43,27,246,4,245,245,44,0.2933,0.1711,0.1779
1590504584.3864737,9,0,50,254,88,3,132,1,115,1,117,253,254,255,1,0,255,255,185,16,12,0,171,1,22,43,26,246,3,245,245,44,0.2933,0.1711,0.1779
1590504584.3994792,8,0,50,254,93,3,132,1,115,1,117,253,254,255,255,255,254,255,185,16,12,0,171,1,21,43,24,246,2,245,244,44,0.2659,0.1564,0.1848
1590504584.4079652,8,0,48,254,102,3,132,1,115,1,117,253,1,0,254,255,253,255,185,16,12,0,171,1,21,43,23,246,1,245,244,44,0.2659,0.1564,0.1848
1590504584.4160054,8,0,50,254,99,3,139,1,108,1,144,253,1,0,254,255,0,0,185,16,12,0,171,1,21,43,22,246,1,245,244,44,0.2942,0.1564,0.1848
1590504584.4254243,9,0,51,254,94,3,139,1,108,1,144,253,255,255,255,255,255,255,185,16,12,0,172,1,20,43,21,246,0,245,244,44,0.2942,0.1672,0.1808
1590504584.4387097,7,0,50,254,87,3,139,1,108,1,144,253,254,255,255,255,255,255,184,16,12,0,172,1,20,43,20,246,255,244,244,44,0.2649,0.1945,0.1857
1590504584.4453168,9,0,48,254,91,3,139,1,108,1,144,253,2,0,254,255,2,0,184,16,12,0,172,1,20,43,18,246,254,244,243,44,0.2649,0.1945,0.1857
1590504584.457988,8,0,51,254,97,3,139,1,108,1,144,253,2,0,0,0,255,255,184,16,12,0,172,1,20,43,17,246,253,244,243,44,0.2962,0.1711,0.1848
1590504584.4654963,8,0,51,254,102,3,126,1,102,1,130,253,3,0,255,255,255,255,184,16,12,0,172,1,19,43,16,246,252,244,243,44,0.2962,0.1711,0.1848
1590504584.4757352,8,0,50,254,100,3,126,1,102,1,130,253,2,0,0,0,1,0,184,16,12,0,172,1,19,43,15,246,252,244,243,44,0.2561,0.2307,0.1848
1590504584.4904296,8,0,47,254,87,3,126,1,102,1,130,253,254,255,255,255,254,255,184,16,12,0,172,1,19,43,14,246,251,244,243,44,0.2708,0.1613,0.1848
1590504584.496357,7,0,51,254,95,3,126,1,102,1,130,253,254,255,252,255,0,0,184,16,12,0,173,1,18,43,13,246,250,244,243,44,0.2708,0.1613,0.1848
1590504584.513124,7,0,48,254,96,3,126,1,102,1,130,253,255,255,254,255,254,255,184,16,12,0,173,1,18,43,12,246,249,244,242,44,0.2942,0.1613,0.1848
1590504584.518928,9,0,53,254,100,3,139,1,102,1,117,253,1,0,254,255,0,0,184,16,12,0,173,1,18,43,11,246,249,244,242,44,0.2942,0.1613,0.1848
1590504584.5256982,8,0,49,254,101,3,139,1,102,1,117,253,0,0,0,0,2,0,184,16,12,0,173,1,18,43,10,246,248,244,242,44,0.2942,0.1613,0.1848
1590504584.5366566,10,0,51,254,90,3,139,1,102,1,117,253,251,255,1,0,255,255,184,16,12,0,173,1,18,43,9,246,247,244,242,44,0.2678,0.1584,0.1945
1590504584.5501947,7,0,48,254,93,3,139,1,102,1,117,253,251,255,0,0,254,255,184,16,12,0,173,1,17,43,8,246,246,244,242,44,0.3001,0.1613,0.1945
1590504584.558898,9,0,48,254,95,3,139,1,102,1,117,253,255,255,255,255,1,0,184,16,12,0,173,1,17,43,7,246,246,244,242,44,0.3001,0.1613,0.1867
1590504584.5683942,8,0,52,254,98,3,144,1,115,1,130,253,4,0,0,0,0,0,184,16,12,0,174,1,17,43,6,246,245,244,241,44,0.2717,0.1613,0.1867
1590504584.5763254,8,0,51,254,99,3,144,1,115,1,130,253,1,0,255,255,1,0,184,16,12,0,174,1,17,43,5,246,244,244,241,44,0.2717,0.1574,0.1838
1590504584.5895545,9,0,51,254,88,3,144,1,115,1,130,253,1,0,254,255,1,0,184,16,12,0,174,1,16,43,4,246,244,244,241,44,0.2708,0.1535,0.1877
1590504584.5963686,7,0,51,254,90,3,144,1,115,1,130,253,253,255,0,0,0,0,184,16,12,0,174,1,16,43,3,246,243,244,241,44,0.2708,0.1535,0.1877
1590504584.609984,9,0,51,254,97,3,144,1,115,1,130,253,1,0,255,255,255,255,184,16,12,0,174,1,16,43,2,246,242,244,241,44,0.2727,0.1593,0.2366
1590504584.616472,7,0,50,254,100,3,132,1,102,1,136,253,1,0,253,255,0,0,184,16,12,0,174,1,16,43,1,246,242,244,241,44,0.2727,0.1593,0.2366
1590504584.6265402,8,0,51,254,100,3,132,1,102,1,136,253,254,255,254,255,255,255,184,16,12,0,174,1,15,43,1,246,241,244,241,44,0.3001,0.1593,0.2366
1590504584.6368325,7,0,52,254,90,3,132,1,102,1,136,253,254,255,254,255,1,0,184,16,11,0,174,1,15,43,0,246,241,244,240,44,0.3001,0.1574,0.1877
1590504584.6470635,9,0,51,254,95,3,132,1,102,1,136,253,251,255,254,255,255,255,184,16,11,0,175,1,15,43,255,245,240,244,240,44,0.2962,0.1564,0.1877
1590504584.659091,8,0,49,254,96,3,132,1,102,1,136,253,252,255,4,0,255,255,184,16,11,0,175,1,15,43,254,245,240,244,240,44,0.2962,0.1564,0.2473
1590504584.667064,7,0,50,254,98,3,126,1,102,1,130,253,254,255,1,0,255,255,184,16,11,0,175,1,15,43,253,245,239,244,240,44,0.2893,0.1593,0.2473
1590504584.677328,8,0,51,254,92,3,126,1,102,1,130,253,2,0,255,255,0,0,184,16,11,0,175,1,14,43,252,245,238,244,240,44,0.2893,0.1593,0.1877
1590504584.6889904,8,0,52,254,88,3,126,1,102,1,130,253,2,0,0,0,255,255,184,16,11,0,175,1,14,43,251,245,238,244,240,44,0.2776,0.1525,0.1945
1590504584.6997516,8,0,51,254,91,3,126,1,102,1,130,253,2,0,255,255,2,0,184,16,11,0,175,1,14,43,251,245,237,244,240,44,0.26,0.218,0.1945
1590504584.7096488,9,0,50,254,96,3,126,1,102,1,130,253,0,0,255,255,0,0,184,16,11,0,175,1,14,43,250,245,236,244,239,44,0.26,0.218,0.173
1590504584.72189,8,0,52,254,98,3,126,1,115,1,117,253,0,0,3,0,2,0,184,16,11,0,175,1,14,43,249,245,236,244,239,44,0.2698,0.259,0.1867
1590504584.728316,9,0,50,254,101,3,126,1,115,1,117,253,2,0,3,0,1,0,184,16,11,0,175,1,13,43,248,245,236,244,239,44,0.2698,0.259,0.1867
1590504584.7411304,10,0,50,254,89,3,126,1,115,1,117,253,3,0,3,0,3,0,184,16,11,0,176,1,13,43,248,245,235,244,239,44,0.2649,0.218,0.176
1590504584.7475777,8,0,51,254,95,3,126,1,115,1,117,253,255,255,1,0,0,0,184,16,11,0,176,1,13,43,247,245,234,244,239,44,0.2649,0.218,0.176
1590504584.7606907,8,0,50,254,98,3,126,1,115,1,117,253,251,255,1,0,255,255,184,16,11,0,176,1,13,43,246,245,234,244,239,44,0.2678,0.2454,0.176
1590504584.7679508,8,0,51,254,101,3,120,1,97,1,130,253,251,255,254,255,1,0,184,16,11,0,176,1,13,43,246,245,233,244,239,44,0.2678,0.2454,0.2043
1590504584.778251,7,0,51,254,101,3,120,1,97,1,130,253,255,255,2,0,255,255,184,16,11,0,176,1,13,43,245,245,233,244,239,44,0.2688,0.2454,0.2043
1590504584.7874923,9,0,51,254,89,3,120,1,97,1,130,253,3,0,0,0,3,0,184,16,11,0,176,1,12,43,244,245,232,244,239,44,0.2688,0.2053,0.2209
1590504584.7980113,10,0,51,254,93,3,120,1,97,1,130,253,255,255,0,0,0,0,184,16,11,0,176,1,12,43,244,245,232,244,238,44,0.26,0.2053,0.2209
1590504584.8133197,8,0,51,254,97,3,120,1,97,1,130,253,255,255,254,255,2,0,184,16,11,0,176,1,12,43,243,245,231,244,238,44,0.2659,0.1642,0.2248
1590504584.82084,8,0,53,254,99,3,108,1,108,1,125,253,2,0,254,255,3,0,184,16,11,0,176,1,12,43,242,245,231,244,238,44,0.2659,0.1564,0.2727
1590504584.827273,7,0,51,254,95,3,108,1,108,1,125,253,2,0,1,0,255,255,184,16,11,0,176,1,12,43,242,245,231,244,238,44,0.2659,0.1564,0.2727
1590504584.8386784,7,0,48,254,88,3,108,1,108,1,125,253,3,0,255,255,1,0,184,16,11,0,177,1,12,43,241,245,230,244,238,44,0.2893,0.174,0.1984
1590504584.8477983,7,0,50,254,94,3,108,1,108,1,125,253,2,0,0,0,0,0,184,16,11,0,177,1,11,43,240,245,230,244,238,44,0.2893,0.174,0.1984
1590504584.8601637,7,0,51,254,97,3,108,1,108,1,125,253,254,255,255,255,255,255,184,16,11,0,177,1,11,43,239,245,229,244,238,44,0.2649,0.1701,0.2336
1590504584.8724189,8,0,51,254,99,3,139,1,108,1,130,253,253,255,0,0,0,0,184,16,11,0,177,1,11,43,239,245,229,244,238,44,0.2962,0.172,0.1642
1590504584.87832,6,0,49,254,100,3,139,1,108,1,130,253,253,255,2,0,1,0,184,16,11,0,177,1,11,43,238,245,228,244,238,44,0.2962,0.172,0.1642
1590504584.8930233,8,0,51,254,90,3,139,1,108,1,130,253,255,255,1,0,254,255,184,16,11,0,177,1,11,43,237,245,228,244,237,44,0.2649,0.1681,0.1877
1590504584.8988533,9,0,50,254,95,3,139,1,108,1,130,253,0,0,0,0,255,255,184,16,11,0,177,1,11,43,237,245,227,244,237,44,0.2649,0.1681,0.1877
1590504584.9105625,8,0,49,254,99,3,139,1,108,1,130,253,254,255,1,0,2,0,184,16,11,0,177,1,10,43,236,245,227,244,237,44,0.306,0.1662,0.1877
1590504584.9181507,7,0,51,254,98,3,139,1,97,1,117,253,255,255,1,0,2,0,184,16,11,0,177,1,10,43,235,245,226,244,237,44,0.306,0.1662,0.1769
1590504584.9287508,8,0,49,254,94,3,139,1,97,1,117,253,253,255,0,0,1,0,184,16,11,0,177,1,10,43,235,245,226,244,237,44,0.2659,0.1662,0.1769
1590504584.938172,8,0,49,254,88,3,139,1,97,1,117,253,0,0,1,0,255,255,184,16,11,0,177,1,10,43,234,245,225,244,237,44,0.2659,0.1642,0.1662
